source_file,constraint_name,from_table,from_columns,to_table,to_columns,match_type
dbo.ACCOUNT.sql,FKEY9407,ACCOUNT,CURRENCY_ID,CURRENCY,ID,ALTER_TABLE_FK
dbo.ACCOUNTING_ENTITY.sql,FK_ACC_ENTITY_CNTRY,ACCOUNTING_ENTITY,CALENDAR_ID,FINANCIAL_CALENDAR,ID,ALTER_TABLE_FK
dbo.ACCOUNTING_ENTITY.sql,FK_ACC_ENTITY_CNTRY,ACCOUNTING_ENTITY,COUNTRY_ID,COUNTRY,ID,ALTER_TABLE_FK
dbo.ACCOUNT_AT_NATIVE.sql,FKEY9409,ACCOUNT_AT_NATIVE,CURRENCY_ID,CURRENCY,ID,ALTER_TABLE_FK
dbo.ACCOUNT_BALANCE.sql,FKEY0014,ACCOUNT_BALANCE,CURRENCY_ID,CURRENCY,ID,ALTER_TABLE_FK
dbo.ACCOUNT_BALANCE.sql,FKEY0014,ACCOUNT_BALANCE,SITE_ID,SITE,ID,ALTER_TABLE_FK
dbo.ACCOUNT_BAL_DIM.sql,FK_ACCTBALDIM_CURR,ACCOUNT_BAL_DIM,CURRENCY_ID,CURRENCY,ID,ALTER_TABLE_FK
dbo.ACCOUNT_BAL_DIM.sql,FK_ACCTBALDIM_CURR,ACCOUNT_BAL_DIM,SITE_ID,SITE,ID,ALTER_TABLE_FK
dbo.ACCOUNT_BUDGET.sql,FKEY9501,ACCOUNT_BUDGET,ACCOUNT_ID,ACCOUNT,ID,ALTER_TABLE_FK
dbo.ACCOUNT_BUDGET.sql,FKEY9503,ACCOUNT_BUDGET,BUDGET_CODE,BUDGET_CODE,ID,ALTER_TABLE_FK
dbo.ACCOUNT_BUDGET.sql,FKEY9502,ACCOUNT_BUDGET,BUDGET_TYPE,BUDGET_TYPE,id,ALTER_TABLE_FK
dbo.ACCOUNT_BUDGET.sql,FKEY9504,ACCOUNT_BUDGET,CURRENCY_ID,CURRENCY,ID,ALTER_TABLE_FK
dbo.ACCOUNT_BUDGET.sql,FKEY9501,ACCOUNT_BUDGET,SITE_ID,SITE,ID,ALTER_TABLE_FK
dbo.ACCOUNT_CHG_LOG.sql,FK_ACCTCHGLOG_00,ACCOUNT_CHG_LOG,ACCOUNT_ID,ACCOUNT,ID,ALTER_TABLE_FK
dbo.ACCOUNT_GROUP.sql,FKEY0190,ACCOUNT_GROUP,ACCOUNT_ID,ACCOUNT,ID,ALTER_TABLE_FK
dbo.ACCOUNT_PROFILE.sql,FKEY9500,ACCOUNT_PROFILE,ACCOUNT_ID,ACCOUNT,ID,ALTER_TABLE_FK
dbo.ACCOUNT_SITE.sql,FK_ACCT_SITE_ACCT,ACCOUNT_SITE,ACCOUNT_ID,ACCOUNT,ID,ALTER_TABLE_FK
dbo.ACCOUNT_SITE.sql,FK_ACCT_SITE_ACCT,ACCOUNT_SITE,SITE_ID,SITE,ID,ALTER_TABLE_FK
dbo.ADJUSTMENT_DETAIL.sql,FKEY9009,ADJUSTMENT_DETAIL,CURRENCY_ID,CURRENCY,ID,ALTER_TABLE_FK
dbo.ADJUSTMENT_DETAIL.sql,FKEY9009,ADJUSTMENT_DETAIL,TRANSACTION_ID,INVENTORY_TRANS,TRANSACTION_ID,ALTER_TABLE_FK
dbo.ADJUSTMENT_DIST.sql,FKEY0198,ADJUSTMENT_DIST,CURRENCY_ID,CURRENCY,ID,ALTER_TABLE_FK
dbo.ADJUSTMENT_DIST.sql,FKEY0011,ADJUSTMENT_DIST,GL_ACCOUNT_ID,ACCOUNT,ID,ALTER_TABLE_FK
dbo.ADJUSTMENT_DIST.sql,FK_ADJDST_BATCH,ADJUSTMENT_DIST,SITE_ID,SITE,ID,ALTER_TABLE_FK
dbo.ADJUSTMENT_DIST.sql,FK_ADJDST_BATCH,ADJUSTMENT_DIST,"SITE_ID, BATCH_ID",JOURNAL_BATCH,"SITE_ID, ID",ALTER_TABLE_FK
dbo.ALLOCATION.sql,FKEY0016,ALLOCATION,CURRENCY_ID,CURRENCY,ID,ALTER_TABLE_FK
dbo.ALLOCATION.sql,FKEY0016,ALLOCATION,FROM_SITE_ID,SITE,ID,ALTER_TABLE_FK
dbo.ALLOCATION_DETAIL.sql,FKEY0019,ALLOCATION_DETAIL,ALLOC_ID,ALLOCATION,ID,ALTER_TABLE_FK
dbo.ALLOCATION_DETAIL.sql,FKEY0017,ALLOCATION_DETAIL,DIV_SITE_ID,SITE,ID,ALTER_TABLE_FK
dbo.ALLOCATION_DETAIL.sql,FKEY0017,ALLOCATION_DETAIL,NUM_SITE_ID,SITE,ID,ALTER_TABLE_FK
dbo.ALLOCATION_DETAIL.sql,FKEY0018,ALLOCATION_DETAIL,TRANS_SITE_ID,SITE,ID,ALTER_TABLE_FK
dbo.AMTS_PENDING_TRANS.sql,FK_AMTS_PENDING_TRANS_00,AMTS_PENDING_TRANS,DEVIATION_ID,DEVIATION_REASON,ID,ALTER_TABLE_FK
dbo.APPLICATION_GLOBAL.sql,FK_APP_GLOBAL_DORID,APPLICATION_GLOBAL,DEF_TERMS_ID,TERMS,ID,ALTER_TABLE_FK
dbo.APPLICATION_GLOBAL.sql,FK_APP_GLOBAL_DORID,APPLICATION_GLOBAL,DUE_ON_RECEIPT_ID,TERMS,ID,ALTER_TABLE_FK
dbo.APPLICATION_GLOBAL.sql,FK_APP_GLOBAL_TERMS,APPLICATION_GLOBAL,EURO_CURRENCY_ID,CURRENCY,ID,ALTER_TABLE_FK
dbo.APPLICATION_LINK.sql,FKEY0248,APPLICATION_LINK,"GROUP_ID, LANGUAGE_ID",APPLICATION_GROUP,"GROUP_ID, LANGUAGE_ID",ALTER_TABLE_FK
dbo.APPLICATION_LINK.sql,FKEY0248,APPLICATION_LINK,"PROGRAM_ID, LANGUAGE_ID",APPLICATION,"PROGRAM_ID, LANGUAGE_ID",ALTER_TABLE_FK
dbo.APP_CONFIG_ITEM.sql,FK_APP_CONFIG_ITEM_TO_APP,APP_CONFIG_ITEM,APP_CONFIG_ID,APP_CONFIG,ID,ALTER_TABLE_FK
dbo.APP_CONFIG_USER.sql,FK_APP_CONFIG_USER_TO_APP,APP_CONFIG_USER,DEFAULT_APP_CONFIG_ID,APP_CONFIG,ID,ALTER_TABLE_FK
dbo.BANK_ACCOUNT.sql,FKEY0060,BANK_ACCOUNT,CURRENCY_ID,CURRENCY,ID,ALTER_TABLE_FK
dbo.BANK_ACCOUNT.sql,FKEY0060,BANK_ACCOUNT,GL_ACCOUNT_ID,ACCOUNT,ID,ALTER_TABLE_FK
dbo.BANK_ADJUSTMENT.sql,FKEY0222,BANK_ADJUSTMENT,BANK_ACCOUNT_ID,BANK_ACCOUNT,ID,ALTER_TABLE_FK
dbo.BANK_ADJUSTMENT.sql,FKEY0298,BANK_ADJUSTMENT,CURRENCY_ID,CURRENCY,ID,ALTER_TABLE_FK
dbo.BANK_ADJUSTMENT.sql,FKEY0222,BANK_ADJUSTMENT,SITE_ID,SITE,ID,ALTER_TABLE_FK
dbo.BANK_ADJ_CURR.sql,FKEY9433,BANK_ADJ_CURR,"BANK_ACCOUNT_ID, ADJUSTMENT_ID",BANK_ADJUSTMENT,"BANK_ACCOUNT_ID, ADJUSTMENT_ID",ALTER_TABLE_FK
dbo.BANK_ADJ_CURR.sql,FKEY9433,BANK_ADJ_CURR,CURRENCY_ID,CURRENCY,ID,ALTER_TABLE_FK
dbo.BANK_ADJ_DIST.sql,FKEY9432,BANK_ADJ_DIST,CURRENCY_ID,CURRENCY,ID,ALTER_TABLE_FK
dbo.BANK_DEPOSIT.sql,FKEY0221,BANK_DEPOSIT,BANK_ACCOUNT_ID,BANK_ACCOUNT,ID,ALTER_TABLE_FK
dbo.BOL.sql,FK_BOL_TO_SITE,BOL,SITE_ID,SITE,ID,ALTER_TABLE_FK
dbo.BUFFER_STATUS.sql,FKEY_BUFSTAT_BUF,BUFFER_STATUS,BUFFER_ID,BUFFER,ID,ALTER_TABLE_FK
dbo.BUFFER_STAT_MATL.sql,FKEY_BUFSTM_BUFST,BUFFER_STAT_MATL,BUFFER_STATUS_ID,BUFFER_STATUS,ID,ALTER_TABLE_FK
dbo.BUFFER_STAT_WO_LOC.sql,FKEY_BUFSTWO_OPER,BUFFER_STAT_WO_LOC,"WORKORDER_TYPE, WORKORDER_BASE_ID, WORKORDER_LOT_ID, WORKORDER_SPLIT_ID, WORKORDER_SUB_ID, OPERATION_SEQ_NO",OPERATION,"WORKORDER_TYPE, WORKORDER_BASE_ID, WORKORDER_LOT_ID, WORKORDER_SPLIT_ID, WORKORDER_SUB_ID, SEQUENCE_NO",ALTER_TABLE_FK
dbo.BURDEN_DIST.sql,FK_BURDEN_DIST_00,BURDEN_DIST,CURRENCY_ID,CURRENCY,ID,ALTER_TABLE_FK
dbo.BURDEN_DIST.sql,FK_BURDEN_DIST_01,BURDEN_DIST,GL_ACCOUNT_ID,ACCOUNT,ID,ALTER_TABLE_FK
dbo.BURDEN_DIST.sql,FK_BURDEN_DIST_00,BURDEN_DIST,SITE_ID,SITE,ID,ALTER_TABLE_FK
dbo.BURDEN_DIST.sql,FK_BURDEN_DIST_02,BURDEN_DIST,"SITE_ID, BATCH_ID",JOURNAL_BATCH,"SITE_ID, ID",ALTER_TABLE_FK
dbo.BURDEN_RULE.sql,FK_BURDEN_RULE_00,BURDEN_RULE,BURDEN_GROUP_ID,BURDEN_GROUP,ID,ALTER_TABLE_FK
dbo.BURDEN_RULE.sql,FK_BURDEN_RULE_00,BURDEN_RULE,COST_CATEGORY_ID,COST_CATEGORY,ID,ALTER_TABLE_FK
dbo.BURDEN_RULE.sql,FK_BURDEN_RULE_02,BURDEN_RULE,CREDIT_GL_ACCOUNT,ACCOUNT,ID,ALTER_TABLE_FK
dbo.BURDEN_RULE.sql,FK_BURDEN_RULE_01,BURDEN_RULE,DEBIT_GL_ACCOUNT,ACCOUNT,ID,ALTER_TABLE_FK
dbo.BURDEN_TRANS.sql,FK_BURDEN_TRANS_00,BURDEN_TRANS,BURDEN_CATEGORY_ID,COST_CATEGORY,ID,ALTER_TABLE_FK
dbo.BURDEN_TRANS.sql,FK_BURDEN_TRANS_01,BURDEN_TRANS,COST_CATEGORY_ID,COST_CATEGORY,ID,ALTER_TABLE_FK
dbo.BURDEN_TRANS.sql,FK_BURDEN_TRANS_00,BURDEN_TRANS,DEPARTMENT_ID,DEPARTMENT,ID,ALTER_TABLE_FK
dbo.BURD_DIST_DETAIL.sql,FK_BURD_DIST_DETAIL_00,BURD_DIST_DETAIL,BURDEN_CATEGORY_ID,COST_CATEGORY,ID,ALTER_TABLE_FK
dbo.BURD_DIST_DETAIL.sql,FK_BURD_DIST_DETAIL_00,BURD_DIST_DETAIL,CURRENCY_ID,CURRENCY,ID,ALTER_TABLE_FK
dbo.CALENDAR_CHANGE.sql,FK_CAL_CHANGE_TO_SITE,CALENDAR_CHANGE,RESOURCE_ID,SHOP_RESOURCE,ID,ALTER_TABLE_FK
dbo.CALENDAR_CHANGE.sql,FKEY0126,CALENDAR_CHANGE,SCHEDULE_ID,SCHEDULE,ID,ALTER_TABLE_FK
dbo.CALENDAR_CHANGE.sql,FK_CAL_CHANGE_TO_SITE,CALENDAR_CHANGE,SITE_ID,SITE,ID,ALTER_TABLE_FK
dbo.CALENDAR_WEEK.sql,FK_CAL_WEEK_TO_SITE,CALENDAR_WEEK,RESOURCE_ID,SHOP_RESOURCE,ID,ALTER_TABLE_FK
dbo.CALENDAR_WEEK.sql,FKEY0127,CALENDAR_WEEK,SCHEDULE_ID,SCHEDULE,ID,ALTER_TABLE_FK
dbo.CALENDAR_WEEK.sql,FK_CAL_WEEK_TO_SITE,CALENDAR_WEEK,SITE_ID,SITE,ID,ALTER_TABLE_FK
dbo.CARTON.sql,FK_CARTON_BOL,CARTON,BOL_ID,BOL,ID,ALTER_TABLE_FK
dbo.CARTON.sql,FK_CARTON_BOL,CARTON,PALLET_ID,PALLET,ID,ALTER_TABLE_FK
dbo.CARTON_LINE.sql,FKEY9569,CARTON_LINE,CARTON_ID,CARTON,ID,ALTER_TABLE_FK
dbo.CASH_BOOK_SUMMARY.sql,FK_CSH_BKSUM_2SITE,CASH_BOOK_SUMMARY,SITE_ID,SITE,ID,ALTER_TABLE_FK
dbo.CASH_DISBURSEMENT.sql,FKEY0083,CASH_DISBURSEMENT,BANK_ACCOUNT_ID,BANK_ACCOUNT,ID,ALTER_TABLE_FK
dbo.CASH_DISBURSEMENT.sql,FKEY9363,CASH_DISBURSEMENT,CURRENCY_ID,CURRENCY,ID,ALTER_TABLE_FK
dbo.CASH_DISBURSEMENT.sql,FKEY0022,CASH_DISBURSEMENT,SITE_ID,SITE,ID,ALTER_TABLE_FK
dbo.CASH_DISBURSEMENT.sql,FKEY0022,CASH_DISBURSEMENT,VENDOR_ID,VENDOR,ID,ALTER_TABLE_FK
dbo.CASH_DISBURSEMENT.sql,FKEY0219,CASH_DISBURSEMENT,VEND_BANK_ACCT_ID,VEND_BANK_ACCOUNT,ID,ALTER_TABLE_FK
dbo.CASH_DISBURSE_CURR.sql,FKEY9404,CASH_DISBURSE_CURR,"BANK_ACCOUNT_ID, CONTROL_NO",CASH_DISBURSEMENT,"BANK_ACCOUNT_ID, CONTROL_NO",ALTER_TABLE_FK
dbo.CASH_DISBURSE_CURR.sql,FKEY9404,CASH_DISBURSE_CURR,CURRENCY_ID,CURRENCY,ID,ALTER_TABLE_FK
dbo.CASH_DISBURSE_DIST.sql,FKEY0202,CASH_DISBURSE_DIST,"BANK_ACCOUNT_ID, CONTROL_NO",CASH_DISBURSEMENT,"BANK_ACCOUNT_ID, CONTROL_NO",ALTER_TABLE_FK
dbo.CASH_DISBURSE_DIST.sql,FKEY0229,CASH_DISBURSE_DIST,CURRENCY_ID,CURRENCY,ID,ALTER_TABLE_FK
dbo.CASH_DISBURSE_DIST.sql,FKEY0023,CASH_DISBURSE_DIST,GL_ACCOUNT_ID,ACCOUNT,ID,ALTER_TABLE_FK
dbo.CASH_DISBURSE_DIST.sql,FK_DSBDST_BATCH,CASH_DISBURSE_DIST,SITE_ID,SITE,ID,ALTER_TABLE_FK
dbo.CASH_DISBURSE_DIST.sql,FK_DSBDST_BATCH,CASH_DISBURSE_DIST,"SITE_ID, BATCH_ID",JOURNAL_BATCH,"SITE_ID, ID",ALTER_TABLE_FK
dbo.CASH_DISBURSE_LINE.sql,FKEY0227,CASH_DISBURSE_LINE,"BANK_ACCOUNT_ID, CONTROL_NO",CASH_DISBURSEMENT,"BANK_ACCOUNT_ID, CONTROL_NO",ALTER_TABLE_FK
dbo.CASH_DISBURSE_LINE.sql,FKEY0228,CASH_DISBURSE_LINE,GL_ACCOUNT_ID,ACCOUNT,ID,ALTER_TABLE_FK
dbo.CASH_DISBURSE_LINE.sql,FK_CDL_PAYB_VEND,CASH_DISBURSE_LINE,PAYB_VENDOR_ID,VENDOR,ID,ALTER_TABLE_FK
dbo.CASH_DISBURSE_LINE.sql,FK_CDL_PAYB_VEND,CASH_DISBURSE_LINE,SITE_ID,SITE,ID,ALTER_TABLE_FK
dbo.CASH_DISBURSE_LINE.sql,FK_CSH_DSB_LINE_TO_SITE,CASH_DISBURSE_LINE,VOUCHER_ID,PAYABLE,VOUCHER_ID,ALTER_TABLE_FK
dbo.CASH_PLAN.sql,FK_CSH_PLN_CAL,CASH_PLAN,FIN_CAL_ID,FINANCIAL_CALENDAR,ID,ALTER_TABLE_FK
dbo.CASH_PLAN_ACCOUNT.sql,FKEYCP03,CASH_PLAN_ACCOUNT,ACCOUNT_ID,ACCOUNT,ID,ALTER_TABLE_FK
dbo.CASH_PLAN_AMOUNT.sql,FKEY9551,CASH_PLAN_AMOUNT,"CASH_PLAN_ID, CASH_PLAN_LINE_NO",CASH_PLAN_LINE,"CASH_PLAN_ID, LINE_NO",ALTER_TABLE_FK
dbo.CASH_PLAN_LINE.sql,FKEY9550,CASH_PLAN_LINE,CASH_PLAN_ID,CASH_PLAN,ID,ALTER_TABLE_FK
dbo.CASH_PLAN_SITE.sql,FK_CP_SITE_TO_SITE,CASH_PLAN_SITE,SITE_ID,SITE,ID,ALTER_TABLE_FK
dbo.CASH_RECEIPT.sql,FKEY0068,CASH_RECEIPT,BANK_ACCOUNT_ID,BANK_ACCOUNT,ID,ALTER_TABLE_FK
dbo.CASH_RECEIPT.sql,FKEY0220,CASH_RECEIPT,"BANK_ACCOUNT_ID, DEPOSIT_ID",BANK_DEPOSIT,"BANK_ACCOUNT_ID, DEPOSIT_ID",ALTER_TABLE_FK
dbo.CASH_RECEIPT.sql,FKEY0282,CASH_RECEIPT,CURRENCY_ID,CURRENCY,ID,ALTER_TABLE_FK
dbo.CASH_RECEIPT.sql,FKEY0027,CASH_RECEIPT,CUSTOMER_ID,CUSTOMER,ID,ALTER_TABLE_FK
dbo.CASH_RECEIPT.sql,FKEY0027,CASH_RECEIPT,SITE_ID,SITE,ID,ALTER_TABLE_FK
dbo.CASH_RECEIPT_CURR.sql,FKEY9395,CASH_RECEIPT_CURR,CURRENCY_ID,CURRENCY,ID,ALTER_TABLE_FK
dbo.CASH_RECEIPT_CURR.sql,FKEY9395,CASH_RECEIPT_CURR,"CUSTOMER_ID, CHECK_ID",CASH_RECEIPT,"CUSTOMER_ID, CHECK_ID",ALTER_TABLE_FK
dbo.CASH_RECEIPT_DIST.sql,FKEY0238,CASH_RECEIPT_DIST,CURRENCY_ID,CURRENCY,ID,ALTER_TABLE_FK
dbo.CASH_RECEIPT_DIST.sql,FKEY0204,CASH_RECEIPT_DIST,"CUSTOMER_ID, CHECK_ID",CASH_RECEIPT,"CUSTOMER_ID, CHECK_ID",ALTER_TABLE_FK
dbo.CASH_RECEIPT_DIST.sql,FKEY0028,CASH_RECEIPT_DIST,GL_ACCOUNT_ID,ACCOUNT,ID,ALTER_TABLE_FK
dbo.CASH_RECEIPT_DIST.sql,FK_RCTDST_BATCH,CASH_RECEIPT_DIST,SITE_ID,SITE,ID,ALTER_TABLE_FK
dbo.CASH_RECEIPT_DIST.sql,FK_RCTDST_BATCH,CASH_RECEIPT_DIST,"SITE_ID, BATCH_ID",JOURNAL_BATCH,"SITE_ID, ID",ALTER_TABLE_FK
dbo.CASH_RECEIPT_LINE.sql,FK_CSH_RCPT_LINE_TO_SITE,CASH_RECEIPT_LINE,"CUSTOMER_ID, CHECK_ID",CASH_RECEIPT,"CUSTOMER_ID, CHECK_ID",ALTER_TABLE_FK
dbo.CASH_RECEIPT_LINE.sql,FKEY0237,CASH_RECEIPT_LINE,GL_ACCOUNT_ID,ACCOUNT,ID,ALTER_TABLE_FK
dbo.CASH_RECEIPT_LINE.sql,FK_CRL_RECV_CUST,CASH_RECEIPT_LINE,RECV_CUSTOMER_ID,CUSTOMER,ID,ALTER_TABLE_FK
dbo.CASH_RECEIPT_LINE.sql,FK_CRL_RECV_CUST,CASH_RECEIPT_LINE,SITE_ID,SITE,ID,ALTER_TABLE_FK
dbo.CNSN_RCVR_LINE_DEL.sql,FKEY9617,CNSN_RCVR_LINE_DEL,"PURC_ORDER_ID, PURC_ORDER_LINE_NO, PURC_DEL_LINE_NO",PURC_LINE_DEL,"PURC_ORDER_ID, PURC_ORDER_LINE_NO, DEL_SCHED_LINE_NO",ALTER_TABLE_FK
dbo.CNSN_RCVR_LINE_DEL.sql,FKEY9617,CNSN_RCVR_LINE_DEL,"RECEIVER_ID, RECEIVER_LINE_NO",CONSIGN_RCVR_LINE,"RECEIVER_ID, LINE_NO",ALTER_TABLE_FK
dbo.CONSIGN_RCVR_LINE.sql,FKEY9615,CONSIGN_RCVR_LINE,"PURC_ORDER_ID, PURC_ORDER_LINE_NO",PURC_ORDER_LINE,"PURC_ORDER_ID, LINE_NO",ALTER_TABLE_FK
dbo.CONSIGN_RCVR_LINE.sql,FKEY9615,CONSIGN_RCVR_LINE,RECEIVER_ID,CONSIGN_RECEIVER,ID,ALTER_TABLE_FK
dbo.CONSIGN_RECEIVER.sql,FKEY9613,CONSIGN_RECEIVER,CUSTOMER_ID,CUSTOMER,ID,ALTER_TABLE_FK
dbo.CONSIGN_RECEIVER.sql,FKEY9613,CONSIGN_RECEIVER,PURC_ORDER_ID,PURCHASE_ORDER,ID,ALTER_TABLE_FK
dbo.CONSOLIDATION_MAP.sql,FKEY9482,CONSOLIDATION_MAP,LOCAL_ACCT_ID,ACCOUNT,ID,ALTER_TABLE_FK
dbo.CONSOLIDATION_MAP.sql,FKEY9482,CONSOLIDATION_MAP,PARENT_ACCT_ID,CONSOLID_ACCOUNT,PARENT_ACCT_ID,ALTER_TABLE_FK
dbo.CONTACT_BINARY.sql,FKEYCONT_BIN_CONT,CONTACT_BINARY,CONTACT_ID,CONTACT,ID,ALTER_TABLE_FK
dbo.CONTROL_LIMITS.sql,FKEY0290,CONTROL_LIMITS,"TEST_ID, STEP_NO",TEST_STEP,"TEST_ID, STEP_NO",ALTER_TABLE_FK
dbo.COR_INBOX_HEADERS.sql,FK_COR_INBOX_ENTRY,COR_INBOX_HEADERS,C_INBOX_ID,COR_INBOX_ENTRY,C_ID,ALTER_TABLE_FK
dbo.COR_OUTBOX_HEADERS.sql,FK_COR_OUTBOX_ENTRY,COR_OUTBOX_HEADERS,C_OUTBOX_ID,COR_OUTBOX_ENTRY,C_ID,ALTER_TABLE_FK
dbo.COST_CATEGORY.sql,FK_COST_CATEGORY_00,COST_CATEGORY,COST_GROUP_ID,COST_GROUP,ID,ALTER_TABLE_FK
dbo.COST_SIMULATION.sql,FK_COST_SIMULATION_00,COST_SIMULATION,PART_ID,PART,ID,ALTER_TABLE_FK
dbo.COST_SIMULATION.sql,FK_COST_SIMULATION_00,COST_SIMULATION,SIMULATION_ID,SIMULATION,ID,ALTER_TABLE_FK
dbo.CO_PRODUCT.sql,FKEY0094,CO_PRODUCT,PART_ID,PART,ID,ALTER_TABLE_FK
dbo.CO_PRODUCT.sql,FKEY0094,CO_PRODUCT,"WORKORDER_TYPE, WORKORDER_BASE_ID, WORKORDER_LOT_ID, WORKORDER_SPLIT_ID, WORKORDER_SUB_ID",WORK_ORDER,"TYPE, BASE_ID, LOT_ID, SPLIT_ID, SUB_ID",ALTER_TABLE_FK
dbo.CREDIT_MEMO_APPLY.sql,FKEY0225,CREDIT_MEMO_APPLY,INV_VOUCHER_ID,PAYABLE,VOUCHER_ID,ALTER_TABLE_FK
dbo.CREDIT_MEMO_APPLY.sql,FKEY0225,CREDIT_MEMO_APPLY,MEMO_VOUCHER_ID,PAYABLE,VOUCHER_ID,ALTER_TABLE_FK
dbo.CURRENCY_ENTITY.sql,FK_CURR_ENTITY_TO_AE,CURRENCY_ENTITY,CURRENCY_ID,CURRENCY,ID,ALTER_TABLE_FK
dbo.CURRENCY_ENTITY.sql,FK_CURR_ENTITY_TO_AE,CURRENCY_ENTITY,ENTITY_ID,ACCOUNTING_ENTITY,ID,ALTER_TABLE_FK
dbo.CURRENCY_ENTITY.sql,FKEY9383,CURRENCY_ENTITY,REAL_GN_ACCT_ID,ACCOUNT,ID,ALTER_TABLE_FK
dbo.CURRENCY_ENTITY.sql,FKEY9384,CURRENCY_ENTITY,REAL_LS_ACCT_ID,ACCOUNT,ID,ALTER_TABLE_FK
dbo.CURRENCY_ENTITY.sql,FK_CURR_ENTITY_TO_CURR,CURRENCY_ENTITY,RND_ACCT_ID,ACCOUNT,ID,ALTER_TABLE_FK
dbo.CURRENCY_ENTITY.sql,FKEY9385,CURRENCY_ENTITY,UNREAL_GN_ACCT_ID,ACCOUNT,ID,ALTER_TABLE_FK
dbo.CURRENCY_ENTITY.sql,FKEY9386,CURRENCY_ENTITY,UNREAL_LS_ACCT_ID,ACCOUNT,ID,ALTER_TABLE_FK
dbo.CURRENCY_EXCHANGE.sql,FK_CURR_EXCH_TO_AE,CURRENCY_EXCHANGE,CURRENCY_ID,CURRENCY,ID,ALTER_TABLE_FK
dbo.CURRENCY_EXCHANGE.sql,FK_CURR_EXCH_TO_AE,CURRENCY_EXCHANGE,ENTITY_ID,ACCOUNTING_ENTITY,ID,ALTER_TABLE_FK
dbo.CURR_PRICE_INDEX.sql,FKEY9592,CURR_PRICE_INDEX,FROM_CURRENCY_ID,CURRENCY,ID,ALTER_TABLE_FK
dbo.CURR_PRICE_INDEX.sql,FKEY9592,CURR_PRICE_INDEX,TO_CURRENCY_ID,CURRENCY,ID,ALTER_TABLE_FK
dbo.CUSTOMER.sql,FKEY0069,CUSTOMER,ARRIVAL_CODE,PORT_OF_ARRIVAL,CODE,ALTER_TABLE_FK
dbo.CUSTOMER.sql,FK_CUST_CNTRY,CUSTOMER,COUNTRY_ID,COUNTRY,ID,ALTER_TABLE_FK
dbo.CUSTOMER.sql,FK_CUST_CNTRY,CUSTOMER,CUSTOMER_GROUP_ID,CUSTOMER_GROUP,ID,ALTER_TABLE_FK
dbo.CUSTOMER.sql,FKEY9470,CUSTOMER,DEF_ACK_ID,VMDI_ACK_CODES,ACK_ID,ALTER_TABLE_FK
dbo.CUSTOMER.sql,FKEY9308,CUSTOMER,DEF_LBL_FORMAT_ID,LABEL_FORMAT,ID,ALTER_TABLE_FK
dbo.CUSTOMER.sql,FK_CUST_GROUP_ID,CUSTOMER,DEF_SLS_TAX_GRP_ID,SALES_TAX_GROUP,ID,ALTER_TABLE_FK
dbo.CUSTOMER.sql,FKEY9577,CUSTOMER,DEF_TERMS_ID,TERMS,ID,ALTER_TABLE_FK
dbo.CUSTOMER.sql,FKEY9461,CUSTOMER,DEF_TRANS_CURRENCY,CURRENCY,ID,ALTER_TABLE_FK
dbo.CUSTOMER.sql,FKEY0042,CUSTOMER,DISCOUNT_CODE,CUSTOMER_DISCOUNT,DISCOUNT_CODE,ALTER_TABLE_FK
dbo.CUSTOMER.sql,FKEY9307,CUSTOMER,MODE_OF_TRANSPORT,MODE_OF_TRANSPORT,CODE,ALTER_TABLE_FK
dbo.CUSTOMER.sql,FKEY9305,CUSTOMER,NATURE_OF_TRANS,NATURE_OF_TRANS,CODE,ALTER_TABLE_FK
dbo.CUSTOMER.sql,FKEY9499,CUSTOMER,RETURN_TRANS,NATURE_OF_TRANS,CODE,ALTER_TABLE_FK
dbo.CUSTOMER.sql,FKEY9304,CUSTOMER,TRANS_CODE,PORT_OF_TRANS,CODE,ALTER_TABLE_FK
dbo.CUSTOMER_BANK.sql,FK_CUST_BANK_CNTRY,CUSTOMER_BANK,COUNTRY_ID,COUNTRY,ID,ALTER_TABLE_FK
dbo.CUSTOMER_BANK.sql,FK_CUST_BANK_CNTRY,CUSTOMER_BANK,CUSTOMER_ID,CUSTOMER,ID,ALTER_TABLE_FK
dbo.CUSTOMER_BINARY.sql,FKEY0061,CUSTOMER_BINARY,CUSTOMER_ID,CUSTOMER,ID,ALTER_TABLE_FK
dbo.CUSTOMER_CONTACT.sql,FKEY0064,CUSTOMER_CONTACT,CUSTOMER_ID,CUSTOMER,ID,ALTER_TABLE_FK
dbo.CUSTOMER_ENTITY.sql,FK_CUSTOMER_ENTITY_TO_CUSTOMER,CUSTOMER_ENTITY,CUSTOMER_ID,CUSTOMER,ID,ALTER_TABLE_FK
dbo.CUSTOMER_ENTITY.sql,FK_CUSTOMER_ENTITY_TO_CUSTOMER,CUSTOMER_ENTITY,ENTITY_ID,ACCOUNTING_ENTITY,ID,ALTER_TABLE_FK
dbo.CUSTOMER_FORECAST.sql,FKEY9101,CUSTOMER_FORECAST,CUSTOMER_ID,CUSTOMER,ID,ALTER_TABLE_FK
dbo.CUSTOMER_FORECAST.sql,FK_CUST_FORECAST_TO_SITE,CUSTOMER_FORECAST,PART_ID,PART,ID,ALTER_TABLE_FK
dbo.CUSTOMER_FORECAST.sql,FK_CUST_FORECAST_TO_SITE,CUSTOMER_FORECAST,SITE_ID,SITE,ID,ALTER_TABLE_FK
dbo.CUSTOMER_ORDER.sql,FK_CUS_ORD_CONT_ID,CUSTOMER_ORDER,CONTACT_ID,CONTACT,ID,ALTER_TABLE_FK
dbo.CUSTOMER_ORDER.sql,FKEY0065,CUSTOMER_ORDER,CURRENCY_ID,CURRENCY,ID,ALTER_TABLE_FK
dbo.CUSTOMER_ORDER.sql,FKEY0044,CUSTOMER_ORDER,CUSTOMER_ID,CUSTOMER,ID,ALTER_TABLE_FK
dbo.CUSTOMER_ORDER.sql,FK_CUSTOMER_ORDER_TO_SITE,CUSTOMER_ORDER,SALES_TAX_GROUP_ID,SALES_TAX_GROUP,ID,ALTER_TABLE_FK
dbo.CUSTOMER_ORDER.sql,FK_CUS_ORD_CONT_ID,CUSTOMER_ORDER,SITE_ID,SITE,ID,ALTER_TABLE_FK
dbo.CUSTOMER_ORDER.sql,FKEY9389,CUSTOMER_ORDER,TERMS_ID,TERMS,ID,ALTER_TABLE_FK
dbo.CUSTOMER_PRICE.sql,FKEY0063,CUSTOMER_PRICE,CUSTOMER_ID,CUSTOMER,ID,ALTER_TABLE_FK
dbo.CUSTOMER_PRICE.sql,FKEY0063,CUSTOMER_PRICE,PART_ID,PART,ID,ALTER_TABLE_FK
dbo.CUSTOMER_PRICE.sql,FKEY0088,CUSTOMER_PRICE,SELLING_UM,UNITS,UNIT_OF_MEASURE,ALTER_TABLE_FK
dbo.CUSTOMER_SITE.sql,FK_CUST_SITE_TO_CUST,CUSTOMER_SITE,CUSTOMER_ID,CUSTOMER,ID,ALTER_TABLE_FK
dbo.CUSTOMER_SITE.sql,FK_CUST_SITE_TO_CUST,CUSTOMER_SITE,SITE_ID,SITE,ID,ALTER_TABLE_FK
dbo.CUST_ADDRESS.sql,FKEY0259,CUST_ADDRESS,ARRIVAL_CODE,PORT_OF_ARRIVAL,CODE,ALTER_TABLE_FK
dbo.CUST_ADDRESS.sql,FK_CUST_ADDR_CNTRY,CUST_ADDRESS,COUNTRY_ID,COUNTRY,ID,ALTER_TABLE_FK
dbo.CUST_ADDRESS.sql,FKEY0043,CUST_ADDRESS,CUSTOMER_ID,CUSTOMER,ID,ALTER_TABLE_FK
dbo.CUST_ADDRESS.sql,FKEY9315,CUST_ADDRESS,DEF_LBL_FORMAT_ID,LABEL_FORMAT,ID,ALTER_TABLE_FK
dbo.CUST_ADDRESS.sql,FK_CUST_ADDR_CNTRY,CUST_ADDRESS,DEF_SLS_TAX_GRP_ID,SALES_TAX_GROUP,ID,ALTER_TABLE_FK
dbo.CUST_ADDRESS.sql,FKEY0062,CUST_ADDRESS,DISCOUNT_CODE,CUSTOMER_DISCOUNT,DISCOUNT_CODE,ALTER_TABLE_FK
dbo.CUST_ADDRESS.sql,FKEY9314,CUST_ADDRESS,MODE_OF_TRANSPORT,MODE_OF_TRANSPORT,CODE,ALTER_TABLE_FK
dbo.CUST_ADDRESS.sql,FKEY9312,CUST_ADDRESS,NATURE_OF_TRANS,NATURE_OF_TRANS,CODE,ALTER_TABLE_FK
dbo.CUST_ADDRESS.sql,FKEY0070,CUST_ADDRESS,SALESREP_ID,SALES_REP,ID,ALTER_TABLE_FK
dbo.CUST_ADDRESS.sql,FKEY9311,CUST_ADDRESS,TRANS_CODE,PORT_OF_TRANS,CODE,ALTER_TABLE_FK
dbo.CUST_CONTACT.sql,FK_CUST_CONT_CONT,CUST_CONTACT,CONTACT_ID,CONTACT,ID,ALTER_TABLE_FK
dbo.CUST_CONTACT.sql,FK_CUST_CONT_CONT,CUST_CONTACT,CUSTOMER_ID,CUSTOMER,ID,ALTER_TABLE_FK
dbo.CUST_CONT_EML_DOC.sql,FKEY9605,CUST_CONT_EML_DOC,CUSTOMER_ID,CUSTOMER,ID,ALTER_TABLE_FK
dbo.CUST_LINE_BILLING.sql,FKEY9106,CUST_LINE_BILLING,"CUST_ORDER_ID, CUST_ORDER_LINE_NO",CUST_ORDER_LINE,"CUST_ORDER_ID, LINE_NO",ALTER_TABLE_FK
dbo.CUST_LINE_BILLING.sql,FKEY9106,CUST_LINE_BILLING,REV_GL_ACCT_ID,ACCOUNT,ID,ALTER_TABLE_FK
dbo.CUST_ORDER_BINARY.sql,FKEY0155,CUST_ORDER_BINARY,CUST_ORDER_ID,CUSTOMER_ORDER,ID,ALTER_TABLE_FK
dbo.CUST_ORDER_CURR.sql,FKEY9424,CUST_ORDER_CURR,CURRENCY_ID,CURRENCY,ID,ALTER_TABLE_FK
dbo.CUST_ORDER_CURR.sql,FKEY9424,CUST_ORDER_CURR,CUST_ORDER_ID,CUSTOMER_ORDER,ID,ALTER_TABLE_FK
dbo.CUST_ORDER_LINE.sql,FKEY0271,CUST_ORDER_LINE,ACK_ID,VMDI_ACK_CODES,ACK_ID,ALTER_TABLE_FK
dbo.CUST_ORDER_LINE.sql,FKEY0100,CUST_ORDER_LINE,CUST_ORDER_ID,CUSTOMER_ORDER,ID,ALTER_TABLE_FK
dbo.CUST_ORDER_LINE.sql,FKEY0045,CUST_ORDER_LINE,PART_ID,PART,ID,ALTER_TABLE_FK
dbo.CUST_ORDER_LINE.sql,FKEY0037,CUST_ORDER_LINE,SALES_TAX_GROUP_ID,SALES_TAX_GROUP,ID,ALTER_TABLE_FK
dbo.CUST_ORDER_LINE.sql,FK_CUST_ORD_LINE_TO_SITE,CUST_ORDER_LINE,SELLING_UM,UNITS,UNIT_OF_MEASURE,ALTER_TABLE_FK
dbo.CUST_ORDER_LINE.sql,FKEY0156,CUST_ORDER_LINE,SER_GL_ACCT_ID,ACCOUNT,ID,ALTER_TABLE_FK
dbo.CUST_ORDER_LINE.sql,FK_CO_LINE_TRX_CAT,CUST_ORDER_LINE,SITE_ID,SITE,ID,ALTER_TABLE_FK
dbo.CUST_ORDER_LINE.sql,FK_CO_LINE_TRX_CAT,CUST_ORDER_LINE,TRANS_CATEGORY_ID,TRANS_CATEGORY,ID,ALTER_TABLE_FK
dbo.CUST_ORDER_LINE.sql,FKEY9536,CUST_ORDER_LINE,vat_category,VAT_CATEGORY,ID,ALTER_TABLE_FK
dbo.CUST_ORDER_SHARE.sql,FKEY0154,CUST_ORDER_SHARE,CUST_ORDER_ID,CUSTOMER_ORDER,ID,ALTER_TABLE_FK
dbo.CUST_ORDER_SHARE.sql,FKEY0154,CUST_ORDER_SHARE,SHARE_SALESREP_ID,SALES_REP,ID,ALTER_TABLE_FK
dbo.CUST_PRICE_EFFECT.sql,FKEY9600,CUST_PRICE_EFFECT,PART_ID,PART,ID,ALTER_TABLE_FK
dbo.CUST_SHIP_CHG_ACCT.sql,FK_CUST_SHIP_CHG_ACCT_CUST,CUST_SHIP_CHG_ACCT,CUSTOMER_ID,CUSTOMER,ID,ALTER_TABLE_FK
dbo.CYCLE_COUNT_PART.sql,FKEY0111,CYCLE_COUNT_PART,PART_ID,PART,ID,ALTER_TABLE_FK
dbo.CYCLE_COUNT_PART.sql,FKEY0111,CYCLE_COUNT_PART,WAREHOUSE_ID,WAREHOUSE,ID,ALTER_TABLE_FK
dbo.DEFAULT_DATA.sql,FK_DEFAULT_DATA_SITE,DEFAULT_DATA,SITE_ID,SITE,ID,ALTER_TABLE_FK
dbo.DEMAND_FORECAST.sql,FK_DEMAND_FORECAST_TO_SITE,DEMAND_FORECAST,PART_ID,PART,ID,ALTER_TABLE_FK
dbo.DEMAND_FORECAST.sql,FK_DEMAND_FORECAST_TO_SITE,DEMAND_FORECAST,SITE_ID,SITE,ID,ALTER_TABLE_FK
dbo.DEMAND_SUPPLY_LINK.sql,FK_DSL_DEMAND_TO_SITE,DEMAND_SUPPLY_LINK,DEMAND_SITE_ID,SITE,ID,ALTER_TABLE_FK
dbo.DEMAND_SUPPLY_LINK.sql,FK_DSL_DEMAND_TO_SITE,DEMAND_SUPPLY_LINK,SUPPLY_SITE_ID,SITE,ID,ALTER_TABLE_FK
dbo.DEPARTMENT.sql,FK_DEPARTMENT_01,DEPARTMENT,LAB_COST_CAT_ID,COST_CATEGORY,ID,ALTER_TABLE_FK
dbo.DEPARTMENT.sql,FK_DEPARTMENT_00,DEPARTMENT,MATL_COST_CAT_ID,COST_CATEGORY,ID,ALTER_TABLE_FK
dbo.DEPARTMENT.sql,FK_DEPARTMENT_00,DEPARTMENT,SERV_COST_CAT_ID,COST_CATEGORY,ID,ALTER_TABLE_FK
dbo.DISCOUNT_PRICE.sql,FK_DISCOUNT_PRICE_TO_SITE,DISCOUNT_PRICE,DISCOUNT_CODE,CUSTOMER_DISCOUNT,DISCOUNT_CODE,ALTER_TABLE_FK
dbo.DISCOUNT_PRICE.sql,FKEY0071,DISCOUNT_PRICE,PART_ID,PART,ID,ALTER_TABLE_FK
dbo.DISCOUNT_PRICE.sql,FKEY0089,DISCOUNT_PRICE,SELLING_UM,UNITS,UNIT_OF_MEASURE,ALTER_TABLE_FK
dbo.DISCOUNT_PRICE.sql,FK_DISCOUNT_PRICE_TO_SITE,DISCOUNT_PRICE,SITE_ID,SITE,ID,ALTER_TABLE_FK
dbo.DISTRIBUTION_LINE.sql,FK_DISTRIBUTION_LINE_00,DISTRIBUTION_LINE,DISTRIBUTION_ID,DISTRIBUTION,ID,ALTER_TABLE_FK
dbo.ECN_CO_PRODUCT.sql,FK_ECN_CO_PRODUCT,ECN_CO_PRODUCT,"ECN_ID, LINE_NO, ECN_ENTRY_NO",ECN_DETAIL,"ECN_ID, LINE_NO, ENTRY_NO",ALTER_TABLE_FK
dbo.ECN_OPERATION.sql,FK_ECN_OPERATION,ECN_OPERATION,"ECN_ID, LINE_NO, ECN_ENTRY_NO",ECN_DETAIL,"ECN_ID, LINE_NO, ENTRY_NO",ALTER_TABLE_FK
dbo.ECN_OPER_BINARY.sql,FK_ECN_OPER_BINARY,ECN_OPER_BINARY,"ECN_ID, LINE_NO, ECN_ENTRY_NO, WORKORDER_SUB_ID, SEQUENCE_NO",ECN_OPERATION,"ECN_ID, LINE_NO, ECN_ENTRY_NO, WORKORDER_SUB_ID, SEQUENCE_NO",ALTER_TABLE_FK
dbo.ECN_OPER_RESOURCE.sql,FK_ECN_OPER_RESOURCE,ECN_OPER_RESOURCE,"ECN_ID, LINE_NO, ECN_ENTRY_NO",ECN_DETAIL,"ECN_ID, LINE_NO, ENTRY_NO",ALTER_TABLE_FK
dbo.ECN_REQUIREMENT.sql,FK_ECN_REQUIREMENT,ECN_REQUIREMENT,"ECN_ID, LINE_NO, ECN_ENTRY_NO",ECN_DETAIL,"ECN_ID, LINE_NO, ENTRY_NO",ALTER_TABLE_FK
dbo.ECN_REQ_BINARY.sql,FK_ECN_REQ_BINARY,ECN_REQ_BINARY,"ECN_ID, LINE_NO, ECN_ENTRY_NO, WORKORDER_SUB_ID, OPERATION_SEQ_NO, PIECE_NO",ECN_REQUIREMENT,"ECN_ID, LINE_NO, ECN_ENTRY_NO, WORKORDER_SUB_ID, OPERATION_SEQ_NO, PIECE_NO",ALTER_TABLE_FK
dbo.ECN_REQ_PART_ALT.sql,FK_ECN_REQ_PART_ALT,ECN_REQ_PART_ALT,"ECN_ID, LINE_NO, ECN_ENTRY_NO",ECN_DETAIL,"ECN_ID, LINE_NO, ENTRY_NO",ALTER_TABLE_FK
dbo.ECN_REQ_REF_DESIG.sql,FK_ECN_REQ_REF_DESIG,ECN_REQ_REF_DESIG,"ECN_ID, LINE_NO, ECN_ENTRY_NO",ECN_DETAIL,"ECN_ID, LINE_NO, ENTRY_NO",ALTER_TABLE_FK
dbo.ECN_WORKORDER.sql,FK_ECN_WORKORDER,ECN_WORKORDER,"ECN_ID, LINE_NO, ECN_ENTRY_NO",ECN_DETAIL,"ECN_ID, LINE_NO, ENTRY_NO",ALTER_TABLE_FK
dbo.ECN_WO_BINARY.sql,FK_ECN_WO_BINARY,ECN_WO_BINARY,"ECN_ID, LINE_NO, ECN_ENTRY_NO, WORKORDER_SUB_ID",ECN_WORKORDER,"ECN_ID, LINE_NO, ECN_ENTRY_NO, WORKORDER_SUB_ID",ALTER_TABLE_FK
dbo.EC_GROUP_USER.sql,FK_EC_GROUP_USER,EC_GROUP_USER,EC_ID,EC,ID,ALTER_TABLE_FK
dbo.EC_HISTORY.sql,FK_EC_HISTORY,EC_HISTORY,EC_ID,EC,ID,ALTER_TABLE_FK
dbo.EC_LINE.sql,FK_EC_LINE,EC_LINE,EC_ID,EC,ID,ALTER_TABLE_FK
dbo.EC_LINE_BINARY.sql,FK_EC_LINE_BINARY,EC_LINE_BINARY,"EC_ID, LINE_NO",EC_LINE,"EC_ID, LINE_NO",ALTER_TABLE_FK
dbo.EC_REQUEST.sql,FK_EC_REQUEST,EC_REQUEST,EC_ID,EC,ID,ALTER_TABLE_FK
dbo.EC_RESPONSE.sql,FK_EC_RESPONSE,EC_RESPONSE,EC_ID,EC,ID,ALTER_TABLE_FK
dbo.EMPLOYEE.sql,FKEY0050,EMPLOYEE,EARNING_CODE_ID,EARNING_CODE,ID,ALTER_TABLE_FK
dbo.EMPLOYEE.sql,FKEY0050,EMPLOYEE,SHIFT_ID,SHIFT,ID,ALTER_TABLE_FK
dbo.EMPLOYEE_SITE.sql,FK_EMP_SITE_TO_SITE,EMPLOYEE_SITE,SITE_ID,SITE,ID,ALTER_TABLE_FK
dbo.EQUIPMENT.sql,FKEY9516,EQUIPMENT,"BRANCH, SERVICE_AREA",EQUIP_BRANCH,"ID, AREA_ID",ALTER_TABLE_FK
dbo.EQUIPMENT.sql,FK_EQUIP_CONT_ID,EQUIPMENT,CONTACT_ID,CONTACT,ID,ALTER_TABLE_FK
dbo.EQUIPMENT.sql,FKEY9517,EQUIPMENT,DEFAULT_RESOURCE,SHOP_RESOURCE,ID,ALTER_TABLE_FK
dbo.EQUIPMENT.sql,FKEY9513,EQUIPMENT,SERVICE_AREA,EQUIP_AREA,id,ALTER_TABLE_FK
dbo.EQUIPMENT.sql,FK_EQUIPMENT_00,EQUIPMENT,TYPE_ID,EQUIP_TYPE,ID,ALTER_TABLE_FK
dbo.EQUIPMENT.sql,FK_EQUIP_CONT_ID,EQUIPMENT,"TYPE_ID, MODEL",EQUIP_MODEL,"TYPE_ID, ID",ALTER_TABLE_FK
dbo.EQUIPMENT.sql,FKEY9513,EQUIPMENT,VM_PART_ID,PART,ID,ALTER_TABLE_FK
dbo.EQUIP_BRANCH.sql,FKEY9509,EQUIP_BRANCH,AREA_ID,EQUIP_AREA,id,ALTER_TABLE_FK
dbo.EQUIP_LABOR_PRICE.sql,FKEY9510,EQUIP_LABOR_PRICE,RESOURCE_ID,SHOP_RESOURCE,ID,ALTER_TABLE_FK
dbo.EQUIP_MAINT_DISC.sql,FKEY9507,EQUIP_MAINT_DISC,CUSTOMER_ID,CUSTOMER,ID,ALTER_TABLE_FK
dbo.EQUIP_MAINT_DISC.sql,FKEY9507,EQUIP_MAINT_DISC,MAINT_ID,EQUIP_MAINT_TYPE,ID,ALTER_TABLE_FK
dbo.EQUIP_MODEL.sql,FKEY9506,EQUIP_MODEL,TYPE_ID,EQUIP_TYPE,ID,ALTER_TABLE_FK
dbo.EQUIP_PART_PRICE.sql,FKEY9511,EQUIP_PART_PRICE,PART_ID,PART,ID,ALTER_TABLE_FK
dbo.EQUIP_PM_PROFILE.sql,FKEY9512,EQUIP_PM_PROFILE,ENG_ID,EQUIP_MAINT_ENG,ID,ALTER_TABLE_FK
dbo.EQUIP_PM_SCHEDULE.sql,FKEY9519,EQUIP_PM_SCHEDULE,PROFILE_ID,EQUIP_PM_PROFILE,PROFILE_ID,ALTER_TABLE_FK
dbo.EQUIP_PROFILE.sql,FKEY9520,EQUIP_PROFILE,PROFILE_ID,EQUIP_PM_PROFILE,PROFILE_ID,ALTER_TABLE_FK
dbo.FEEDING_OPERATIONS.sql,FKEY_FEEDOPS_BUF,FEEDING_OPERATIONS,BUFFER_ID,BUFFER,ID,ALTER_TABLE_FK
dbo.FEEDING_OPERATIONS.sql,FKEY_FEEDOPS_BUF,FEEDING_OPERATIONS,"WORKORDER_TYPE, WORKORDER_BASE_ID, WORKORDER_LOT_ID, WORKORDER_SPLIT_ID, WORKORDER_SUB_ID, OPERATION_SEQ_NO",OPERATION,"WORKORDER_TYPE, WORKORDER_BASE_ID, WORKORDER_LOT_ID, WORKORDER_SPLIT_ID, WORKORDER_SUB_ID, SEQUENCE_NO",ALTER_TABLE_FK
dbo.GJ.sql,FKEY9436,GJ,CURRENCY_ID,CURRENCY,ID,ALTER_TABLE_FK
dbo.GJ_CURR.sql,FKEY9442,GJ_CURR,CURRENCY_ID,CURRENCY,ID,ALTER_TABLE_FK
dbo.GJ_CURR.sql,FKEY9442,GJ_CURR,GJ_ID,GJ,ID,ALTER_TABLE_FK
dbo.GJ_DIST.sql,FKEY9438,GJ_DIST,CURRENCY_ID,CURRENCY,ID,ALTER_TABLE_FK
dbo.GJ_DIST.sql,FKEY9438,GJ_DIST,GJ_ID,GJ,ID,ALTER_TABLE_FK
dbo.GJ_LINE.sql,FK_GJLINE_00,GJ_LINE,COST_CATEGORY_ID,COST_CATEGORY,ID,ALTER_TABLE_FK
dbo.GJ_LINE.sql,FK_GJLINE_00,GJ_LINE,DEPARTMENT_ID,DEPARTMENT,ID,ALTER_TABLE_FK
dbo.GJ_LINE.sql,FK_GJLINE_03,GJ_LINE,GJ_ID,GJ,ID,ALTER_TABLE_FK
dbo.GJ_LINE.sql,FK_GJLINE_01,GJ_LINE,PROJECT_ID,PROJECT_INFO,ID,ALTER_TABLE_FK
dbo.GJ_LINE.sql,FK_GJLINE_02,GJ_LINE,"WBS_CODE, PROJECT_ID",WBS,"CODE, PROJECT_ID",ALTER_TABLE_FK
dbo.GJ_LINE_CURR.sql,FKEY9440,GJ_LINE_CURR,CURRENCY_ID,CURRENCY,ID,ALTER_TABLE_FK
dbo.GJ_LINE_CURR.sql,FKEY9440,GJ_LINE_CURR,"GJ_ID, LINE_NO",GJ_LINE,"GJ_ID, LINE_NO",ALTER_TABLE_FK
dbo.GL_BURDEN_MAP.sql,FK_GL_BURDEN_MAP_04,GL_BURDEN_MAP,BURDEN_GROUP_ID,BURDEN_GROUP,ID,ALTER_TABLE_FK
dbo.GL_BURDEN_MAP.sql,FK_GL_BURDEN_MAP_01,GL_BURDEN_MAP,COST_GROUP_ID,COST_GROUP,ID,ALTER_TABLE_FK
dbo.GL_BURDEN_MAP.sql,FK_GL_BURDEN_MAP_03,GL_BURDEN_MAP,CREDIT_GL_ACCOUNT,ACCOUNT,ID,ALTER_TABLE_FK
dbo.GL_BURDEN_MAP.sql,FK_GL_BURDEN_MAP_02,GL_BURDEN_MAP,DEBIT_GL_ACCOUNT,ACCOUNT,ID,ALTER_TABLE_FK
dbo.GL_BURDEN_MAP.sql,FK_GL_BURDEN_MAP_00,GL_BURDEN_MAP,DEPARTMENT_ID,DEPARTMENT,ID,ALTER_TABLE_FK
dbo.GL_BURDEN_MAP.sql,FK_GL_BURDEN_MAP_00,GL_BURDEN_MAP,PROJECT_TYPE,PROJECT_TYPE,CODE,ALTER_TABLE_FK
dbo.GL_INTERFACE_ACCT.sql,FKEY0029,GL_INTERFACE_ACCT,GL_ACCOUNT_ID,ACCOUNT,ID,ALTER_TABLE_FK
dbo.GL_INTERFACE_ACCT.sql,FKEY0000,GL_INTERFACE_ACCT,INTERFACE_ID,GL_INTERFACE,ID,ALTER_TABLE_FK
dbo.GL_INTERFACE_ACCT.sql,FKEY0000,GL_INTERFACE_ACCT,SITE_ID,SITE,ID,ALTER_TABLE_FK
dbo.GOTO_TABLE_COLUMN.sql,FK_GOTO_TABLE_COLUMN_TO_GOTO_VMPGM,GOTO_TABLE_COLUMN,"GOTO_VMPGM_PROGRAM_ID, GOTO_VMPGM_GOTO_ID",GOTO_VMPGM,"PROGRAM_ID, GOTO_ID",ALTER_TABLE_FK
dbo.IBT.sql,FK_IBT_CONT_ID,IBT,CONTACT_ID,CONTACT,ID,ALTER_TABLE_FK
dbo.IBT.sql,FK_IBT_TO_SITE,IBT,CUSTOMER_ID,CUSTOMER,ID,ALTER_TABLE_FK
dbo.IBT.sql,FK_IBT_CONT_ID,IBT,SITE_ID,SITE,ID,ALTER_TABLE_FK
dbo.IBT.sql,FK_IBT_TO_SITE,IBT,VENDOR_ID,VENDOR,ID,ALTER_TABLE_FK
dbo.IBT_LINE.sql,FKEY9540,IBT_LINE,IBT_ID,IBT,ID,ALTER_TABLE_FK
dbo.IBT_LINE_BINARY.sql,FKEY9546,IBT_LINE_BINARY,"IBT_ID, IBT_LINE_NO",IBT_LINE,"IBT_ID, LINE_NO",ALTER_TABLE_FK
dbo.IBT_RECEIVER.sql,FK_IBT_REC_CONT_ID,IBT_RECEIVER,CONTACT_ID,CONTACT,ID,ALTER_TABLE_FK
dbo.IBT_RECEIVER.sql,FK_IBT_RECEIVER_TO_SITE,IBT_RECEIVER,IBT_ID,IBT,ID,ALTER_TABLE_FK
dbo.IBT_RECEIVER.sql,FK_IBT_REC_CONT_ID,IBT_RECEIVER,SHIPPER_ID,IBT_SHIPPER,SHIPPER_ID,ALTER_TABLE_FK
dbo.IBT_RECEIVER.sql,FK_IBT_RECEIVER_00,IBT_RECEIVER,SITE_ID,SITE,ID,ALTER_TABLE_FK
dbo.IBT_RECEIVER_LINE.sql,FK_IBT_RECEIVER_LINE_00,IBT_RECEIVER_LINE,RECEIVER_ID,IBT_RECEIVER,ID,ALTER_TABLE_FK
dbo.IBT_RECEIVER_LINE.sql,FK_IBT_RECEIVER_LINE_00,IBT_RECEIVER_LINE,SHIPPER_ID,IBT_SHIPPER,SHIPPER_ID,ALTER_TABLE_FK
dbo.IBT_SHIPPER.sql,FK_IBT_SHIPPER_TO_SITE,IBT_SHIPPER,CONTACT_ID,CONTACT,ID,ALTER_TABLE_FK
dbo.IBT_SHIPPER.sql,FK_IBT_SHP_CONT_ID,IBT_SHIPPER,IBT_ID,IBT,ID,ALTER_TABLE_FK
dbo.IBT_SHIPPER.sql,FK_IBT_SHIPPER_TO_SITE,IBT_SHIPPER,SITE_ID,SITE,ID,ALTER_TABLE_FK
dbo.IBT_SHIPPER_LINE.sql,FKEY9492,IBT_SHIPPER_LINE,SHIPPER_ID,IBT_SHIPPER,SHIPPER_ID,ALTER_TABLE_FK
dbo.INBOX_ERROR.sql,FK_INBOX_ERROR_TO_INBOX,INBOX_ERROR,C_INBOX_ID,COR_INBOX_ENTRY,C_ID,ALTER_TABLE_FK
dbo.INDIRECT.sql,FKEY0255,INDIRECT,GL_ACCOUNT_ID,ACCOUNT,ID,ALTER_TABLE_FK
dbo.INDIRECT_DETAIL.sql,FKEY9010,INDIRECT_DETAIL,CURRENCY_ID,CURRENCY,ID,ALTER_TABLE_FK
dbo.INDIRECT_DETAIL.sql,FKEY9010,INDIRECT_DETAIL,TRANSACTION_ID,LABOR_TICKET,TRANSACTION_ID,ALTER_TABLE_FK
dbo.INDIRECT_DIST.sql,FKEY0199,INDIRECT_DIST,CURRENCY_ID,CURRENCY,ID,ALTER_TABLE_FK
dbo.INDIRECT_DIST.sql,FKEY0012,INDIRECT_DIST,GL_ACCOUNT_ID,ACCOUNT,ID,ALTER_TABLE_FK
dbo.INDIRECT_DIST.sql,FK_INDDST_BATCH,INDIRECT_DIST,SITE_ID,SITE,ID,ALTER_TABLE_FK
dbo.INDIRECT_DIST.sql,FK_INDDST_BATCH,INDIRECT_DIST,"SITE_ID, BATCH_ID",JOURNAL_BATCH,"SITE_ID, ID",ALTER_TABLE_FK
dbo.INSPECTION_ORDER.sql,FK_IO_TO_EMP,INSPECTION_ORDER,EMPLOYEE_ID,EMPLOYEE,ID,ALTER_TABLE_FK
dbo.INSPECTION_ORDER.sql,FK_IO_TO_EMP,INSPECTION_ORDER,INV_TRANS_ID,INVENTORY_TRANS,TRANSACTION_ID,ALTER_TABLE_FK
dbo.INSPECTION_ORDER.sql,FK_IO_TO_RCVR_LINE,INSPECTION_ORDER,"RECEIVER_ID, RECEIVER_LINE_NO",RECEIVER_LINE,"RECEIVER_ID, LINE_NO",ALTER_TABLE_FK
dbo.INSPECTION_ORDER.sql,FK_IO_TO_INV_TRANS,INSPECTION_ORDER,"WORKORDER_TYPE, WORKORDER_BASE_ID, WORKORDER_LOT_ID, WORKORDER_SPLIT_ID, WORKORDER_SUB_ID, OPERATION_SEQ_NO",OPERATION,"WORKORDER_TYPE, WORKORDER_BASE_ID, WORKORDER_LOT_ID, WORKORDER_SPLIT_ID, WORKORDER_SUB_ID, SEQUENCE_NO",ALTER_TABLE_FK
dbo.INSTALLMENT_LINE.sql,FK_INSTALLMENT_LINE_00,INSTALLMENT_LINE,"INSTALLMENT_ID, INST_TYPE",INSTALLMENT,"ID, INST_TYPE",ALTER_TABLE_FK
dbo.INTRA_ARRIVAL_LINE.sql,FK_INTRA_ARRIVAL_LINE_00,INTRA_ARRIVAL_LINE,ARRIVAL_CODE,PORT_OF_ARRIVAL,CODE,ALTER_TABLE_FK
dbo.INTRA_ARRIVAL_LINE.sql,FK_INTRA_ARRIVAL_LINE_01,INTRA_ARRIVAL_LINE,FROM_COUNTRY_ID,COUNTRY,ID,ALTER_TABLE_FK
dbo.INTRA_ARRIVAL_LINE.sql,FK_INTRA_ARRIVAL_LINE_06,INTRA_ARRIVAL_LINE,MODE_OF_TRANSPORT,MODE_OF_TRANSPORT,CODE,ALTER_TABLE_FK
dbo.INTRA_ARRIVAL_LINE.sql,FK_INTRA_ARRIVAL_LINE_05,INTRA_ARRIVAL_LINE,NATURE_OF_TRANS,NATURE_OF_TRANS,CODE,ALTER_TABLE_FK
dbo.INTRA_ARRIVAL_LINE.sql,FK_INTRA_ARRIVAL_LINE_02,INTRA_ARRIVAL_LINE,ORIG_COUNTRY_ID,COUNTRY,ID,ALTER_TABLE_FK
dbo.INTRA_ARRIVAL_LINE.sql,FK_INTRA_ARRIVAL_LINE_04,INTRA_ARRIVAL_LINE,REGION_ID,REGION,ID,ALTER_TABLE_FK
dbo.INTRA_ARRIVAL_LINE.sql,FK_INTRA_ARRIVAL_LINE_07,INTRA_ARRIVAL_LINE,TARIFF_CODE,TARIFF,CODE,ALTER_TABLE_FK
dbo.INTRA_ARRIVAL_LINE.sql,FK_INTRA_ARRIVAL_LINE_03,INTRA_ARRIVAL_LINE,TO_COUNTRY_ID,COUNTRY,ID,ALTER_TABLE_FK
dbo.INTRA_ARRIVAL_LINE.sql,FK_INTRA_ARRIVAL_LINE_00,INTRA_ARRIVAL_LINE,TRANS_CODE,PORT_OF_TRANS,CODE,ALTER_TABLE_FK
dbo.INTRA_CNSN_RCVR_LN.sql,FKEY9619,INTRA_CNSN_RCVR_LN,"RECEIVER_ID, RECEIVER_LINE_NO",CONSIGN_RCVR_LINE,"RECEIVER_ID, LINE_NO",ALTER_TABLE_FK
dbo.INTRA_DISPTCH_LINE.sql,FK_INTRA_DISPTCH_LINE_00,INTRA_DISPTCH_LINE,ARRIVAL_CODE,PORT_OF_ARRIVAL,CODE,ALTER_TABLE_FK
dbo.INTRA_DISPTCH_LINE.sql,FK_INTRA_DISPTCH_LINE_01,INTRA_DISPTCH_LINE,FROM_COUNTRY_ID,COUNTRY,ID,ALTER_TABLE_FK
dbo.INTRA_DISPTCH_LINE.sql,FK_INTRA_DISPTCH_LINE_06,INTRA_DISPTCH_LINE,MODE_OF_TRANSPORT,MODE_OF_TRANSPORT,CODE,ALTER_TABLE_FK
dbo.INTRA_DISPTCH_LINE.sql,FK_INTRA_DISPTCH_LINE_05,INTRA_DISPTCH_LINE,NATURE_OF_TRANS,NATURE_OF_TRANS,CODE,ALTER_TABLE_FK
dbo.INTRA_DISPTCH_LINE.sql,FK_INTRA_DISPTCH_LINE_02,INTRA_DISPTCH_LINE,ORIG_COUNTRY_ID,COUNTRY,ID,ALTER_TABLE_FK
dbo.INTRA_DISPTCH_LINE.sql,FK_INTRA_DISPTCH_LINE_04,INTRA_DISPTCH_LINE,REGION_ID,REGION,ID,ALTER_TABLE_FK
dbo.INTRA_DISPTCH_LINE.sql,FK_INTRA_DISPTCH_LINE_07,INTRA_DISPTCH_LINE,TARIFF_CODE,TARIFF,CODE,ALTER_TABLE_FK
dbo.INTRA_DISPTCH_LINE.sql,FK_INTRA_DISPTCH_LINE_03,INTRA_DISPTCH_LINE,TO_COUNTRY_ID,COUNTRY,ID,ALTER_TABLE_FK
dbo.INTRA_DISPTCH_LINE.sql,FK_INTRA_DISPTCH_LINE_00,INTRA_DISPTCH_LINE,TRANS_CODE,PORT_OF_TRANS,CODE,ALTER_TABLE_FK
dbo.INTRA_RECEIVR_LINE.sql,FKEY9341,INTRA_RECEIVR_LINE,ARRIVAL_CODE,PORT_OF_ARRIVAL,CODE,ALTER_TABLE_FK
dbo.INTRA_RECEIVR_LINE.sql,FK_INTREC_FROM_CTRY,INTRA_RECEIVR_LINE,FROM_COUNTRY_ID,COUNTRY,ID,ALTER_TABLE_FK
dbo.INTRA_RECEIVR_LINE.sql,FKEY9348,INTRA_RECEIVR_LINE,MODE_OF_TRANSPORT,MODE_OF_TRANSPORT,CODE,ALTER_TABLE_FK
dbo.INTRA_RECEIVR_LINE.sql,FKEY9347,INTRA_RECEIVR_LINE,NATURE_OF_TRANS,NATURE_OF_TRANS,CODE,ALTER_TABLE_FK
dbo.INTRA_RECEIVR_LINE.sql,FK_INTREC_FROM_CTRY,INTRA_RECEIVR_LINE,ORIG_COUNTRY_ID,COUNTRY,ID,ALTER_TABLE_FK
dbo.INTRA_RECEIVR_LINE.sql,FK_INTREC_TO_CTRY,INTRA_RECEIVR_LINE,"RECEIVER_ID, RECEIVER_LINE_NO",RECEIVER_LINE,"RECEIVER_ID, LINE_NO",ALTER_TABLE_FK
dbo.INTRA_RECEIVR_LINE.sql,FKEY9343,INTRA_RECEIVR_LINE,REGION_ID,REGION,ID,ALTER_TABLE_FK
dbo.INTRA_RECEIVR_LINE.sql,FKEY9349,INTRA_RECEIVR_LINE,TARIFF_CODE,TARIFF,CODE,ALTER_TABLE_FK
dbo.INTRA_RECEIVR_LINE.sql,FK_INTREC_ORIG_CTRY,INTRA_RECEIVR_LINE,TO_COUNTRY_ID,COUNTRY,ID,ALTER_TABLE_FK
dbo.INTRA_RECEIVR_LINE.sql,FKEY9342,INTRA_RECEIVR_LINE,TRANS_CODE,PORT_OF_TRANS,CODE,ALTER_TABLE_FK
dbo.INTRA_SHIPPER_LINE.sql,FKEY9331,INTRA_SHIPPER_LINE,ARRIVAL_CODE,PORT_OF_ARRIVAL,CODE,ALTER_TABLE_FK
dbo.INTRA_SHIPPER_LINE.sql,FK_INTSHP_FROM_CTRY,INTRA_SHIPPER_LINE,FROM_COUNTRY_ID,COUNTRY,ID,ALTER_TABLE_FK
dbo.INTRA_SHIPPER_LINE.sql,FKEY9338,INTRA_SHIPPER_LINE,MODE_OF_TRANSPORT,MODE_OF_TRANSPORT,CODE,ALTER_TABLE_FK
dbo.INTRA_SHIPPER_LINE.sql,FKEY9337,INTRA_SHIPPER_LINE,NATURE_OF_TRANS,NATURE_OF_TRANS,CODE,ALTER_TABLE_FK
dbo.INTRA_SHIPPER_LINE.sql,FK_INTSHP_FROM_CTRY,INTRA_SHIPPER_LINE,ORIG_COUNTRY_ID,COUNTRY,ID,ALTER_TABLE_FK
dbo.INTRA_SHIPPER_LINE.sql,FK_INTSHP_TO_CTRY,INTRA_SHIPPER_LINE,"PACKLIST_ID, PACKLIST_LINE_NO",SHIPPER_LINE,"PACKLIST_ID, LINE_NO",ALTER_TABLE_FK
dbo.INTRA_SHIPPER_LINE.sql,FKEY9333,INTRA_SHIPPER_LINE,REGION_ID,REGION,ID,ALTER_TABLE_FK
dbo.INTRA_SHIPPER_LINE.sql,FKEY9339,INTRA_SHIPPER_LINE,TARIFF_CODE,TARIFF,CODE,ALTER_TABLE_FK
dbo.INTRA_SHIPPER_LINE.sql,FK_INTSHP_ORIG_CTRY,INTRA_SHIPPER_LINE,TO_COUNTRY_ID,COUNTRY,ID,ALTER_TABLE_FK
dbo.INTRA_SHIPPER_LINE.sql,FKEY9332,INTRA_SHIPPER_LINE,TRANS_CODE,PORT_OF_TRANS,CODE,ALTER_TABLE_FK
dbo.INVENTORY_BALANCE.sql,FKEY9121,INVENTORY_BALANCE,BUR_GL_ACCT_ID,ACCOUNT,ID,ALTER_TABLE_FK
dbo.INVENTORY_BALANCE.sql,FKEY9123,INVENTORY_BALANCE,CURRENCY_ID,CURRENCY,ID,ALTER_TABLE_FK
dbo.INVENTORY_BALANCE.sql,FKEY9120,INVENTORY_BALANCE,LAB_GL_ACCT_ID,ACCOUNT,ID,ALTER_TABLE_FK
dbo.INVENTORY_BALANCE.sql,FKEY9119,INVENTORY_BALANCE,MAT_GL_ACCT_ID,ACCOUNT,ID,ALTER_TABLE_FK
dbo.INVENTORY_BALANCE.sql,FKEY9122,INVENTORY_BALANCE,SER_GL_ACCT_ID,ACCOUNT,ID,ALTER_TABLE_FK
dbo.INVENTORY_BALANCE.sql,FK_INVBAL_TO_SITE,INVENTORY_BALANCE,SITE_ID,SITE,ID,ALTER_TABLE_FK
dbo.INVENTORY_BALANCE.sql,FK_INVBAL_TO_SITE,INVENTORY_BALANCE,TRANSACTION_ID,INVENTORY_TRANS,TRANSACTION_ID,ALTER_TABLE_FK
dbo.INVENTORY_TRANS.sql,FK_INVTRANS_TO_SITE,INVENTORY_TRANS,GL_ADJ_ACCT_ID,ACCOUNT,ID,ALTER_TABLE_FK
dbo.INVENTORY_TRANS.sql,FK_INV_TRANS_ISS,INVENTORY_TRANS,ISSUE_REAS_ID,ISSUE_REASON,ID,ALTER_TABLE_FK
dbo.INVENTORY_TRANS.sql,FK_INV_TRANS_ISS,INVENTORY_TRANS,SITE_ID,SITE,ID,ALTER_TABLE_FK
dbo.INV_RECEIPT_DIST.sql,FKEY9554,INV_RECEIPT_DIST,INV_TRANS_ID,INVENTORY_TRANS,TRANSACTION_ID,ALTER_TABLE_FK
dbo.INV_TRANS_AVE.sql,FKEY9497,INV_TRANS_AVE,CURRENCY_ID,CURRENCY,ID,ALTER_TABLE_FK
dbo.INV_TRANS_AVE.sql,FKEY9497,INV_TRANS_AVE,TRANSACTION_ID,INVENTORY_TRANS,TRANSACTION_ID,ALTER_TABLE_FK
dbo.INV_TRANS_CURR.sql,FKEY9418,INV_TRANS_CURR,CURRENCY_ID,CURRENCY,ID,ALTER_TABLE_FK
dbo.INV_TRANS_CURR.sql,FKEY9418,INV_TRANS_CURR,TRANSACTION_ID,INVENTORY_TRANS,TRANSACTION_ID,ALTER_TABLE_FK
dbo.INV_TRANS_DIST.sql,FKEY0173,INV_TRANS_DIST,IN_TRANS_ID,INVENTORY_TRANS,TRANSACTION_ID,ALTER_TABLE_FK
dbo.INV_TRANS_DIST.sql,FKEY0173,INV_TRANS_DIST,OUT_TRANS_ID,INVENTORY_TRANS,TRANSACTION_ID,ALTER_TABLE_FK
dbo.INV_TRANS_DIST_TRC.sql,FKEY_ITDT_IN,INV_TRANS_DIST_TRC,IN_TRANS_ID,INVENTORY_TRANS,TRANSACTION_ID,ALTER_TABLE_FK
dbo.INV_TRANS_DIST_TRC.sql,FKEY_ITDT_IN,INV_TRANS_DIST_TRC,OUT_TRANS_ID,INVENTORY_TRANS,TRANSACTION_ID,ALTER_TABLE_FK
dbo.JOURNAL.sql,FKEY0015,JOURNAL,ACCOUNT_ID,ACCOUNT,ID,ALTER_TABLE_FK
dbo.JOURNAL.sql,FKEY0015,JOURNAL,CURRENCY_ID,CURRENCY,ID,ALTER_TABLE_FK
dbo.JOURNAL.sql,FK_JRN_BATCH,JOURNAL,SITE_ID,SITE,ID,ALTER_TABLE_FK
dbo.JOURNAL.sql,FK_JRN_BATCH,JOURNAL,"SITE_ID, BATCH_ID",JOURNAL_BATCH,"SITE_ID, ID",ALTER_TABLE_FK
dbo.JOURNAL_DIM.sql,FK_JOURN_DIM_ACCT,JOURNAL_DIM,ACCOUNT_ID,ACCOUNT,ID,ALTER_TABLE_FK
dbo.JOURNAL_DIM.sql,FK_JOURN_DIM_ACCT,JOURNAL_DIM,CURRENCY_ID,CURRENCY,ID,ALTER_TABLE_FK
dbo.JOURNAL_DIM.sql,FK_JOURN_DIM_CURR,JOURNAL_DIM,SITE_ID,SITE,ID,ALTER_TABLE_FK
dbo.LABEL_FORMAT.sql,FKEY9459,LABEL_FORMAT,LABEL_TYPE_ID,LABEL_TYPE,ID,ALTER_TABLE_FK
dbo.LABEL_FORMAT_FIELD.sql,FKEY9460,LABEL_FORMAT_FIELD,LABEL_FORMAT_ID,LABEL_FORMAT,ID,ALTER_TABLE_FK
dbo.LABEL_GROUP.sql,FKEY0299,LABEL_GROUP,LABEL_TYPE_ID,LABEL_TYPE,ID,ALTER_TABLE_FK
dbo.LABEL_GROUP_LINE.sql,FKEY0300,LABEL_GROUP_LINE,LABEL_FORMAT_ID,LABEL_FORMAT,ID,ALTER_TABLE_FK
dbo.LABEL_GROUP_LINE.sql,FKEY0300,LABEL_GROUP_LINE,LABEL_GROUP_ID,LABEL_GROUP,ID,ALTER_TABLE_FK
dbo.LABEL_TYPE_VAR.sql,FKEY9458,LABEL_TYPE_VAR,LABEL_TYPE_ID,LABEL_TYPE,ID,ALTER_TABLE_FK
dbo.LABOR_TICKET.sql,FK_LABOR_TICKET_00,LABOR_TICKET,DEVIATION_ID,DEVIATION_REASON,ID,ALTER_TABLE_FK
dbo.LABOR_TICKET.sql,FKEY0048,LABOR_TICKET,EARNING_CODE_ID,EARNING_CODE,ID,ALTER_TABLE_FK
dbo.LABOR_TICKET.sql,FKEY0051,LABOR_TICKET,EMPLOYEE_ID,EMPLOYEE,ID,ALTER_TABLE_FK
dbo.LABOR_TICKET.sql,FK_LABORTICKET_TO_SITE,LABOR_TICKET,INDIRECT_ID,INDIRECT,ID,ALTER_TABLE_FK
dbo.LABOR_TICKET.sql,FKEY0086,LABOR_TICKET,RESOURCE_ID,SHOP_RESOURCE,ID,ALTER_TABLE_FK
dbo.LABOR_TICKET.sql,FK_LABOR_TICKET_00,LABOR_TICKET,SITE_ID,SITE,ID,ALTER_TABLE_FK
dbo.LABOR_TICKET_BREAK.sql,FK_LABOR_TICKET_BREAK_00,LABOR_TICKET_BREAK,TRANSACTION_ID,LABOR_TICKET,TRANSACTION_ID,ALTER_TABLE_FK
dbo.LABOR_TICKET_CURR.sql,FKEY9422,LABOR_TICKET_CURR,CURRENCY_ID,CURRENCY,ID,ALTER_TABLE_FK
dbo.LABOR_TICKET_CURR.sql,FKEY9422,LABOR_TICKET_CURR,TRANSACTION_ID,LABOR_TICKET,TRANSACTION_ID,ALTER_TABLE_FK
dbo.LANG_DESCRIPTION.sql,FKEY9534,LANG_DESCRIPTION,LANGUAGE_ID,LANGUAGE,ID,ALTER_TABLE_FK
dbo.LANG_DESCRIPTION.sql,FKEY9534,LANG_DESCRIPTION,PART_ID,PART,ID,ALTER_TABLE_FK
dbo.LOCATION.sql,FKEY0117,LOCATION,CUSTOMER_ID,CUSTOMER,ID,ALTER_TABLE_FK
dbo.LOCATION.sql,FKEY9607,LOCATION,VENDOR_ID,VENDOR,ID,ALTER_TABLE_FK
dbo.LOCATION.sql,FKEY0117,LOCATION,WAREHOUSE_ID,WAREHOUSE,ID,ALTER_TABLE_FK
dbo.MARKET.sql,FKEY9591,MARKET,CURRENCY_ID,CURRENCY,ID,ALTER_TABLE_FK
dbo.MARKET_PRICE.sql,FKEY9596,MARKET_PRICE,CURRENCY_ID,CURRENCY,ID,ALTER_TABLE_FK
dbo.MARKET_PRICE.sql,FKEY9594,MARKET_PRICE,MARKET_ID,MARKET,ID,ALTER_TABLE_FK
dbo.MARKET_PRICE.sql,FKEY9594,MARKET_PRICE,PART_ID,PART,ID,ALTER_TABLE_FK
dbo.MARKET_PRICE.sql,FKEY9594,MARKET_PRICE,SELLING_UM,UNITS,UNIT_OF_MEASURE,ALTER_TABLE_FK
dbo.MASTER_SCHEDULE.sql,FK_MSTRSCHD_TO_SITE,MASTER_SCHEDULE,PART_ID,PART,ID,ALTER_TABLE_FK
dbo.MASTER_SCHEDULE.sql,FK_MSTRSCHD_TO_SITE,MASTER_SCHEDULE,SITE_ID,SITE,ID,ALTER_TABLE_FK
dbo.MOVE_REQUEST.sql,FK_MOVE_REQUEST_SITE,MOVE_REQUEST,SITE_ID,SITE,ID,ALTER_TABLE_FK
dbo.MOVE_REQUEST_LINE.sql,FK_MOVE_REQ_LINE_LAB_TICKET,MOVE_REQUEST_LINE,INV_TRANS_ID,INVENTORY_TRANS,TRANSACTION_ID,ALTER_TABLE_FK
dbo.MOVE_REQUEST_LINE.sql,FK_MOVE_REQ_LINE_LAB_TICKET,MOVE_REQUEST_LINE,LAB_TRANS_ID,LABOR_TICKET,TRANSACTION_ID,ALTER_TABLE_FK
dbo.MOVE_REQUEST_LINE.sql,FK_MOVE_REQUEST_LINE_INV_TRANS,MOVE_REQUEST_LINE,MOVE_REQUEST_ID,MOVE_REQUEST,ID,ALTER_TABLE_FK
dbo.MOVE_REQUEST_LINE.sql,FK_MOVE_REQUEST_LINE_MOVE_RQST,MOVE_REQUEST_LINE,PART_ID,PART,ID,ALTER_TABLE_FK
dbo.MOVE_REQUEST_LINE.sql,FK_MOVE_REQUEST_LINE_PART,MOVE_REQUEST_LINE,SERV_TRANS_ID,SERVICE_RECEIPT,TRANSACTION_ID,ALTER_TABLE_FK
dbo.OPERATION.sql,FKEY0269,OPERATION,"OPERATION_TYPE, SITE_ID",OPERATION_TYPE,"ID, SITE_ID",ALTER_TABLE_FK
dbo.OPERATION.sql,FKEY0114,OPERATION,RESOURCE_ID,SHOP_RESOURCE,ID,ALTER_TABLE_FK
dbo.OPERATION.sql,FK_OPER_TO_SITE,OPERATION,SERVICE_ID,SERVICE,ID,ALTER_TABLE_FK
dbo.OPERATION.sql,FK_OPER_TO_SITE,OPERATION,SITE_ID,SITE,ID,ALTER_TABLE_FK
dbo.OPERATION.sql,FKEY0120,OPERATION,"WORKORDER_TYPE, WORKORDER_BASE_ID, WORKORDER_LOT_ID, WORKORDER_SPLIT_ID, WORKORDER_SUB_ID",WORK_ORDER,"TYPE, BASE_ID, LOT_ID, SPLIT_ID, SUB_ID",ALTER_TABLE_FK
dbo.OPERATION_AUDIT.sql,FKEY0297,OPERATION_AUDIT,SCHEDULE_ID,SCHEDULE,ID,ALTER_TABLE_FK
dbo.OPERATION_BINARY.sql,FKEY0138,OPERATION_BINARY,"WORKORDER_TYPE, WORKORDER_BASE_ID, WORKORDER_LOT_ID, WORKORDER_SPLIT_ID, WORKORDER_SUB_ID, SEQUENCE_NO",OPERATION,"WORKORDER_TYPE, WORKORDER_BASE_ID, WORKORDER_LOT_ID, WORKORDER_SPLIT_ID, WORKORDER_SUB_ID, SEQUENCE_NO",ALTER_TABLE_FK
dbo.OPERATION_RESOURCE.sql,FKEY0128,OPERATION_RESOURCE,RESOURCE_ID,SHOP_RESOURCE,ID,ALTER_TABLE_FK
dbo.OPERATION_RESOURCE.sql,FKEY0128,OPERATION_RESOURCE,"WORKORDER_TYPE, WORKORDER_BASE_ID, WORKORDER_LOT_ID, WORKORDER_SPLIT_ID, WORKORDER_SUB_ID, SEQUENCE_NO",OPERATION,"WORKORDER_TYPE, WORKORDER_BASE_ID, WORKORDER_LOT_ID, WORKORDER_SPLIT_ID, WORKORDER_SUB_ID, SEQUENCE_NO",ALTER_TABLE_FK
dbo.OPERATION_RESOURCE_DISPATCH.sql,FK_OPER_RES_DISP_OPER,OPERATION_RESOURCE_DISPATCH,"WORKORDER_TYPE, WORKORDER_BASE_ID, WORKORDER_LOT_ID, WORKORDER_SPLIT_ID, WORKORDER_SUB_ID, SEQUENCE_NO",OPERATION,"WORKORDER_TYPE, WORKORDER_BASE_ID, WORKORDER_LOT_ID, WORKORDER_SPLIT_ID, WORKORDER_SUB_ID, SEQUENCE_NO",ALTER_TABLE_FK
dbo.OPERATION_SCHED.sql,FKEY0131,OPERATION_SCHED,RESOURCE_ID,SHOP_RESOURCE,ID,ALTER_TABLE_FK
dbo.OPERATION_SCHED.sql,FKEY0131,OPERATION_SCHED,SCHEDULE_ID,SCHEDULE,ID,ALTER_TABLE_FK
dbo.OPERATION_SCHED.sql,FKEY0186,OPERATION_SCHED,"SCHEDULE_ID, WORKORDER_TYPE, WORKORDER_BASE_ID, WORKORDER_LOT_ID, WORKORDER_SPLIT_ID, WORKORDER_SUB_ID",WORK_ORDER_SCHED,"SCHEDULE_ID, WORKORDER_TYPE, WORKORDER_BASE_ID, WORKORDER_LOT_ID, WORKORDER_SPLIT_ID, WORKORDER_SUB_ID",ALTER_TABLE_FK
dbo.OPERATION_TYPE.sql,FKEY0112,OPERATION_TYPE,RESOURCE_ID,SHOP_RESOURCE,ID,ALTER_TABLE_FK
dbo.OPERATION_TYPE.sql,FK_OPER_TYPE_TO_SITE,OPERATION_TYPE,SERVICE_ID,SERVICE,ID,ALTER_TABLE_FK
dbo.OPERATION_TYPE.sql,FK_OPER_TYPE_TO_SITE,OPERATION_TYPE,SITE_ID,SITE,ID,ALTER_TABLE_FK
dbo.OPERATION_TYPE.sql,FKEY0121,OPERATION_TYPE,TEST_ID,TEST,ID,ALTER_TABLE_FK
dbo.OPER_TYPE_BINARY.sql,FK_OPER_TYPE_BIN_TO_SITE,OPER_TYPE_BINARY,"OPERATION_TYPE_ID, SITE_ID",OPERATION_TYPE,"ID, SITE_ID",ALTER_TABLE_FK
dbo.OPER_TYPE_BINARY.sql,FK_OPER_TYPE_BIN_TO_SITE,OPER_TYPE_BINARY,SITE_ID,SITE,ID,ALTER_TABLE_FK
dbo.OPER_TYPE_RESOURCE.sql,FK_OPER_TYPE_RES_TO_SITE,OPER_TYPE_RESOURCE,"OPERATION_TYPE_ID, SITE_ID",OPERATION_TYPE,"ID, SITE_ID",ALTER_TABLE_FK
dbo.OPER_TYPE_RESOURCE.sql,FKEY0053,OPER_TYPE_RESOURCE,RESOURCE_ID,SHOP_RESOURCE,ID,ALTER_TABLE_FK
dbo.OPER_TYPE_RESOURCE.sql,FK_OPER_TYPE_RES_TO_SITE,OPER_TYPE_RESOURCE,SITE_ID,SITE,ID,ALTER_TABLE_FK
dbo.PALLET.sql,FK_PALLET_BOL,PALLET,BOL_ID,BOL,ID,ALTER_TABLE_FK
dbo.PALLET.sql,FK_PALLET_BOL,PALLET,TARE_ID,TARE,ID,ALTER_TABLE_FK
dbo.PALLET_DETAIL.sql,FKEY9105,PALLET_DETAIL,"PACKLIST_ID, PACKLIST_LINE_NO",SHIPPER_LINE,"PACKLIST_ID, LINE_NO",ALTER_TABLE_FK
dbo.PART.sql,FK_PART_BUF_PROFILE,PART,BUFFER_PROFILE_ID,BUFFER_PROFILE,ID,ALTER_TABLE_FK
dbo.PART.sql,FKEY9328,PART,DEF_LBL_FORMAT_ID,LABEL_FORMAT,ID,ALTER_TABLE_FK
dbo.PART.sql,FKEY9463,PART,LABEL_UM,UNITS,UNIT_OF_MEASURE,ALTER_TABLE_FK
dbo.PART.sql,FKEY0035,PART,PREF_VENDOR_ID,VENDOR,ID,ALTER_TABLE_FK
dbo.PART.sql,FK_PART_BUF_PROFILE,PART,STOCK_UM,UNITS,UNIT_OF_MEASURE,ALTER_TABLE_FK
dbo.PART.sql,FKEY0076,PART,TARIFF_CODE,TARIFF,CODE,ALTER_TABLE_FK
dbo.PART.sql,FKEY0034,PART,WEIGHT_UM,UNITS,UNIT_OF_MEASURE,ALTER_TABLE_FK
dbo.PART_ALIAS.sql,FK_PART_ALIAS_00,PART_ALIAS,PART_ID,PART,ID,ALTER_TABLE_FK
dbo.PART_ALIAS.sql,FK_PART_ALIAS_00,PART_ALIAS,TYPE,PART_ALIAS_TYPE,ID,ALTER_TABLE_FK
dbo.PART_BINARY.sql,FKEY0090,PART_BINARY,PART_ID,PART,ID,ALTER_TABLE_FK
dbo.PART_LOCATION.sql,FKEY0119,PART_LOCATION,HOLD_REASON_ID,HOLD_REASON,ID,ALTER_TABLE_FK
dbo.PART_LOCATION.sql,FKEY0092,PART_LOCATION,PART_ID,PART,ID,ALTER_TABLE_FK
dbo.PART_LOCATION.sql,FKEY0092,PART_LOCATION,"WAREHOUSE_ID, LOCATION_ID",LOCATION,"WAREHOUSE_ID, ID",ALTER_TABLE_FK
dbo.PART_SHIPPING.sql,FKEY9444,PART_SHIPPING,PART_ID,PART,ID,ALTER_TABLE_FK
dbo.PART_SITE.sql,FK_PART_SITE_BUF_PROFILE,PART_SITE,BUFFER_PROFILE_ID,BUFFER_PROFILE,ID,ALTER_TABLE_FK
dbo.PART_SITE.sql,FK_PART_SITE_TO_SITE,PART_SITE,"INSPECT_WHS_ID, INSPECT_LOC_ID",LOCATION,"WAREHOUSE_ID, ID",ALTER_TABLE_FK
dbo.PART_SITE.sql,FK_PART_SITE_BUF_PROFILE,PART_SITE,PART_ID,PART,ID,ALTER_TABLE_FK
dbo.PART_SITE.sql,FK_PART_SITE_TO_PART,PART_SITE,SITE_ID,SITE,ID,ALTER_TABLE_FK
dbo.PART_TRACE_LOCATION.sql,FKEY9621,PART_TRACE_LOCATION,"PART_ID, WAREHOUSE_ID, LOCATION_ID",PART_LOCATION,"PART_ID, WAREHOUSE_ID, LOCATION_ID",ALTER_TABLE_FK
dbo.PART_UNITS_CONV.sql,FKEY0032,PART_UNITS_CONV,FROM_UM,UNITS,UNIT_OF_MEASURE,ALTER_TABLE_FK
dbo.PART_UNITS_CONV.sql,FKEY0032,PART_UNITS_CONV,PART_ID,PART,ID,ALTER_TABLE_FK
dbo.PART_WAREHOUSE.sql,FK_PART_WHS_BUF_PROFILE,PART_WAREHOUSE,BUFFER_PROFILE_ID,BUFFER_PROFILE,ID,ALTER_TABLE_FK
dbo.PAYABLE.sql,FKEY0277,PAYABLE,CURRENCY_ID,CURRENCY,ID,ALTER_TABLE_FK
dbo.PAYABLE.sql,FKEY0020,PAYABLE,PAYB_GL_ACCT_ID,ACCOUNT,ID,ALTER_TABLE_FK
dbo.PAYABLE.sql,FKEY0020,PAYABLE,SITE_ID,SITE,ID,ALTER_TABLE_FK
dbo.PAYABLE.sql,FKEY9399,PAYABLE,TERMS_ID,TERMS,ID,ALTER_TABLE_FK
dbo.PAYABLE.sql,FKEY0020,PAYABLE,VENDOR_ID,VENDOR,ID,ALTER_TABLE_FK
dbo.PAYABLE_CURR.sql,FKEY9400,PAYABLE_CURR,CURRENCY_ID,CURRENCY,ID,ALTER_TABLE_FK
dbo.PAYABLE_CURR.sql,FKEY9400,PAYABLE_CURR,VOUCHER_ID,PAYABLE,VOUCHER_ID,ALTER_TABLE_FK
dbo.PAYABLE_DIST.sql,FKEY0224,PAYABLE_DIST,CURRENCY_ID,CURRENCY,ID,ALTER_TABLE_FK
dbo.PAYABLE_DIST.sql,FKEY0021,PAYABLE_DIST,GL_ACCOUNT_ID,ACCOUNT,ID,ALTER_TABLE_FK
dbo.PAYABLE_DIST.sql,FK_PAYDST_BATCH,PAYABLE_DIST,SITE_ID,SITE,ID,ALTER_TABLE_FK
dbo.PAYABLE_DIST.sql,FK_PAYDST_BATCH,PAYABLE_DIST,"SITE_ID, BATCH_ID",JOURNAL_BATCH,"SITE_ID, ID",ALTER_TABLE_FK
dbo.PAYABLE_DIST.sql,FKEY0201,PAYABLE_DIST,VOUCHER_ID,PAYABLE,VOUCHER_ID,ALTER_TABLE_FK
dbo.PAYABLE_LINE.sql,FKEY0223,PAYABLE_LINE,VAT_CATEGORY,VAT_CATEGORY,ID,ALTER_TABLE_FK
dbo.PAYABLE_LINE.sql,FKEY0223,PAYABLE_LINE,VOUCHER_ID,PAYABLE,VOUCHER_ID,ALTER_TABLE_FK
dbo.PAYB_LINE_CURR.sql,FKEY9428,PAYB_LINE_CURR,CURRENCY_ID,CURRENCY,ID,ALTER_TABLE_FK
dbo.PAYB_LINE_CURR.sql,FKEY9428,PAYB_LINE_CURR,"VOUCHER_ID, LINE_NO",PAYABLE_LINE,"VOUCHER_ID, LINE_NO",ALTER_TABLE_FK
dbo.PHYS_COUNT_LOC_ADJ.sql,FKEY9622,PHYS_COUNT_LOC_ADJ,PHYS_COUNT_ID,PHYSICAL_COUNT,ID,ALTER_TABLE_FK
dbo.PHYS_COUNT_TAG.sql,FKEY0103,PHYS_COUNT_TAG,PART_ID,PART,ID,ALTER_TABLE_FK
dbo.PHYS_COUNT_TAG.sql,FKEY0118,PHYS_COUNT_TAG,PHYS_COUNT_ID,PHYSICAL_COUNT,ID,ALTER_TABLE_FK
dbo.PHYS_COUNT_TAG.sql,FKEY0103,PHYS_COUNT_TAG,WAREHOUSE_ID,WAREHOUSE,ID,ALTER_TABLE_FK
dbo.PHYS_TRACE_COUNT.sql,FKEY0177,PHYS_TRACE_COUNT,"PHYS_COUNT_ID, TAG_NO",PHYS_COUNT_TAG,"PHYS_COUNT_ID, TAG_NO",ALTER_TABLE_FK
dbo.PLANNED_MATL_REQ.sql,FK_PLND_REQ_TO_SITE,PLANNED_MATL_REQ,SITE_ID,SITE,ID,ALTER_TABLE_FK
dbo.PLANNED_ORDER.sql,FK_PLND_ORD_TO_SITE,PLANNED_ORDER,PART_ID,PART,ID,ALTER_TABLE_FK
dbo.PLANNED_ORDER.sql,FK_PLND_ORD_TO_SITE,PLANNED_ORDER,SITE_ID,SITE,ID,ALTER_TABLE_FK
dbo.PLANNING_BOM.sql,FK_PLNG_BOM_TO_SITE,PLANNING_BOM,SITE_ID,SITE,ID,ALTER_TABLE_FK
dbo.PLANNING_FORECAST.sql,FK_PLNG_FORECAST_TO_SITE,PLANNING_FORECAST,SITE_ID,SITE,ID,ALTER_TABLE_FK
dbo.PLANNING_MPS.sql,FK_PLNG_MPS_TO_SITE,PLANNING_MPS,"PLANNING_PART_ID, SITE_ID",PLANNING_PART,"ID, SITE_ID",ALTER_TABLE_FK
dbo.PLANNING_MPS.sql,FK_PLNG_MPS_TO_SITE,PLANNING_MPS,SITE_ID,SITE,ID,ALTER_TABLE_FK
dbo.PLANNING_PART.sql,FK_PLNG_PART_TO_SITE,PLANNING_PART,SITE_ID,SITE,ID,ALTER_TABLE_FK
dbo.PRODUCT.sql,FKEY9303,PRODUCT,WITHHOLDING_CODE,WITHHOLDING,CODE,ALTER_TABLE_FK
dbo.PROJECT_BUDGET.sql,FK_PROJECT_BUDGET_01,PROJECT_BUDGET,COST_CATEGORY_ID,COST_CATEGORY,ID,ALTER_TABLE_FK
dbo.PROJECT_BUDGET.sql,FK_PROJECT_BUDGET_01,PROJECT_BUDGET,DEPARTMENT_ID,DEPARTMENT,ID,ALTER_TABLE_FK
dbo.PROJECT_BUDGET.sql,FK_PROJECT_BUDGET_02,PROJECT_BUDGET,DISTRIBUTION_ID,DISTRIBUTION,ID,ALTER_TABLE_FK
dbo.PROJECT_BUDGET.sql,FK_PROJECT_BUDGET_00,PROJECT_BUDGET,"WORKORDER_TYPE, WORKORDER_BASE_ID, WORKORDER_LOT_ID, WORKORDER_SPLIT_ID, WORKORDER_SUB_ID",WORK_ORDER,"TYPE, BASE_ID, LOT_ID, SPLIT_ID, SUB_ID",ALTER_TABLE_FK
dbo.PROJECT_CEILING.sql,FK_PROJECT_CEILING_00,PROJECT_CEILING,PROJECT_ID,PROJECT_INFO,ID,ALTER_TABLE_FK
dbo.PROJECT_DIST.sql,FK_PROJECT_DIST_01,PROJECT_DIST,CURRENCY_ID,CURRENCY,ID,ALTER_TABLE_FK
dbo.PROJECT_DIST.sql,FK_PROJECT_DIST_02,PROJECT_DIST,GL_ACCOUNT_ID,ACCOUNT,ID,ALTER_TABLE_FK
dbo.PROJECT_DIST.sql,FK_PROJECT_DIST_01,PROJECT_DIST,SITE_ID,SITE,ID,ALTER_TABLE_FK
dbo.PROJECT_INFO.sql,FK_PROJ_CURR,PROJECT_INFO,CURRENCY_ID,CURRENCY,ID,ALTER_TABLE_FK
dbo.PROJECT_INFO.sql,FK_PROJ_CUST_ORD,PROJECT_INFO,"DEFAULT_WBS_CODE, ID",WBS,"CODE, PROJECT_ID",ALTER_TABLE_FK
dbo.PROJECT_INFO.sql,FK_PROJ_CURR,PROJECT_INFO,FIXED_RATE_CO_ID,CUSTOMER_ORDER,ID,ALTER_TABLE_FK
dbo.PROJ_DIST_DETAIL.sql,FK_PROJ_DIST_DETAIL_01,PROJ_DIST_DETAIL,CURRENCY_ID,CURRENCY,ID,ALTER_TABLE_FK
dbo.PROJ_SUMM_BURD_AMT.sql,FK_PROJ_SUMM_BURD_AMT_00,PROJ_SUMM_BURD_AMT,COST_CATEGORY_ID,COST_CATEGORY,ID,ALTER_TABLE_FK
dbo.PROJ_SUMM_BURD_AMT.sql,FK_PROJ_SUMM_BURD_AMT_00,PROJ_SUMM_BURD_AMT,PROJECT_SUMMARY_ID,PROJECT_SUMMARY,ID,ALTER_TABLE_FK
dbo.PRORATED_LABOR_TX.sql,FK_PRORATED_LABOR_00,PRORATED_LABOR_TX,TRANSACTION_ID,LABOR_TICKET,TRANSACTION_ID,ALTER_TABLE_FK
dbo.PURCHASE_DIST.sql,FKEY0197,PURCHASE_DIST,CURRENCY_ID,CURRENCY,ID,ALTER_TABLE_FK
dbo.PURCHASE_DIST.sql,FKEY0166,PURCHASE_DIST,GL_ACCOUNT_ID,ACCOUNT,ID,ALTER_TABLE_FK
dbo.PURCHASE_DIST.sql,FKEY0010,PURCHASE_DIST,PURC_ORDER_ID,PURCHASE_ORDER,ID,ALTER_TABLE_FK
dbo.PURCHASE_DIST.sql,FK_PURDST_BATCH,PURCHASE_DIST,SITE_ID,SITE,ID,ALTER_TABLE_FK
dbo.PURCHASE_DIST.sql,FK_PURDST_BATCH,PURCHASE_DIST,"SITE_ID, BATCH_ID",JOURNAL_BATCH,"SITE_ID, ID",ALTER_TABLE_FK
dbo.PURCHASE_ORDER.sql,FK_PUR_ORD_CONT_ID,PURCHASE_ORDER,CONTACT_ID,CONTACT,ID,ALTER_TABLE_FK
dbo.PURCHASE_ORDER.sql,FKEY0079,PURCHASE_ORDER,CURRENCY_ID,CURRENCY,ID,ALTER_TABLE_FK
dbo.PURCHASE_ORDER.sql,FKEY0009,PURCHASE_ORDER,SHIPTO_ADDR_NO,SHIPTO_ADDRESS,ADDR_NO,ALTER_TABLE_FK
dbo.PURCHASE_ORDER.sql,FK_PUR_ORD_CONT_ID,PURCHASE_ORDER,SITE_ID,SITE,ID,ALTER_TABLE_FK
dbo.PURCHASE_ORDER.sql,FKEY9398,PURCHASE_ORDER,TERMS_ID,TERMS,ID,ALTER_TABLE_FK
dbo.PURCHASE_ORDER.sql,FKEY0052,PURCHASE_ORDER,VENDOR_ID,VENDOR,ID,ALTER_TABLE_FK
dbo.PURC_GROUP_USER.sql,FK_PURC_GROUP_USER_00,PURC_GROUP_USER,PURC_REQ_ID,PURC_REQUISITION,ID,ALTER_TABLE_FK
dbo.PURC_HISTORY.sql,FK_PURC_HISTORY_00,PURC_HISTORY,PURC_REQ_ID,PURC_REQUISITION,ID,ALTER_TABLE_FK
dbo.PURC_LINE_BINARY.sql,FKEY0169,PURC_LINE_BINARY,"PURC_ORDER_ID, PURC_ORDER_LINE_NO",PURC_ORDER_LINE,"PURC_ORDER_ID, LINE_NO",ALTER_TABLE_FK
dbo.PURC_LINE_DEL.sql,FKEY0168,PURC_LINE_DEL,"PURC_ORDER_ID, PURC_ORDER_LINE_NO",PURC_ORDER_LINE,"PURC_ORDER_ID, LINE_NO",ALTER_TABLE_FK
dbo.PURC_MATL_DETAIL.sql,FKEY9002,PURC_MATL_DETAIL,CURRENCY_ID,CURRENCY,ID,ALTER_TABLE_FK
dbo.PURC_MATL_DETAIL.sql,FKEY9002,PURC_MATL_DETAIL,PURC_ORDER_ID,PURCHASE_ORDER,ID,ALTER_TABLE_FK
dbo.PURC_ORDER_BINARY.sql,FKEY0164,PURC_ORDER_BINARY,PURC_ORDER_ID,PURCHASE_ORDER,ID,ALTER_TABLE_FK
dbo.PURC_ORDER_CURR.sql,FKEY9426,PURC_ORDER_CURR,CURRENCY_ID,CURRENCY,ID,ALTER_TABLE_FK
dbo.PURC_ORDER_CURR.sql,FKEY9426,PURC_ORDER_CURR,PURC_ORDER_ID,PURCHASE_ORDER,ID,ALTER_TABLE_FK
dbo.PURC_ORDER_LINE.sql,FKEY0165,PURC_ORDER_LINE,GL_EXPENSE_ACCT_ID,ACCOUNT,ID,ALTER_TABLE_FK
dbo.PURC_ORDER_LINE.sql,FKEY0038,PURC_ORDER_LINE,PART_ID,PART,ID,ALTER_TABLE_FK
dbo.PURC_ORDER_LINE.sql,FK_PURC_ORD_LINE_TO_SITE,PURC_ORDER_LINE,PURCHASE_UM,UNITS,UNIT_OF_MEASURE,ALTER_TABLE_FK
dbo.PURC_ORDER_LINE.sql,FKEY0115,PURC_ORDER_LINE,PURC_ORDER_ID,PURCHASE_ORDER,ID,ALTER_TABLE_FK
dbo.PURC_ORDER_LINE.sql,FKEY0101,PURC_ORDER_LINE,SERVICE_ID,SERVICE,ID,ALTER_TABLE_FK
dbo.PURC_ORDER_LINE.sql,FK_PO_LINE_TRX_CAT,PURC_ORDER_LINE,SITE_ID,SITE,ID,ALTER_TABLE_FK
dbo.PURC_ORDER_LINE.sql,FK_PO_LINE_TRX_CAT,PURC_ORDER_LINE,TRANS_CATEGORY_ID,TRANS_CATEGORY,ID,ALTER_TABLE_FK
dbo.PURC_ORDER_LINE.sql,FKEY0272,PURC_ORDER_LINE,vat_category,VAT_CATEGORY,ID,ALTER_TABLE_FK
dbo.PURC_REQUISITION.sql,FK_PUR_REQ_CONT_ID,PURC_REQUISITION,CONTACT_ID,CONTACT,ID,ALTER_TABLE_FK
dbo.PURC_REQUISITION.sql,FK_PURC_REQUISITION_02,PURC_REQUISITION,CURRENCY_ID,CURRENCY,ID,ALTER_TABLE_FK
dbo.PURC_REQUISITION.sql,FK_PURC_REQUISITION_00,PURC_REQUISITION,SHIPTO_ADDR_NO,SHIPTO_ADDRESS,ADDR_NO,ALTER_TABLE_FK
dbo.PURC_REQUISITION.sql,FK_PUR_REQ_CONT_ID,PURC_REQUISITION,SITE_ID,SITE,ID,ALTER_TABLE_FK
dbo.PURC_REQUISITION.sql,FK_PURC_REQUISITION_03,PURC_REQUISITION,TERMS_ID,TERMS,ID,ALTER_TABLE_FK
dbo.PURC_REQUISITION.sql,FK_PURC_REQUISITION_01,PURC_REQUISITION,VENDOR_ID,VENDOR,ID,ALTER_TABLE_FK
dbo.PURC_REQ_BINARY.sql,FK_PURC_REQ_BINARY_00,PURC_REQ_BINARY,PURC_REQ_ID,PURC_REQUISITION,ID,ALTER_TABLE_FK
dbo.PURC_REQ_CURR.sql,FK_PURC_REQ_CURR_00,PURC_REQ_CURR,CURRENCY_ID,CURRENCY,ID,ALTER_TABLE_FK
dbo.PURC_REQ_CURR.sql,FK_PURC_REQ_CURR_00,PURC_REQ_CURR,PURC_REQ_ID,PURC_REQUISITION,ID,ALTER_TABLE_FK
dbo.PURC_REQ_LINE.sql,FK_PURC_REQ_LINE_01,PURC_REQ_LINE,GL_EXPENSE_ACCT_ID,ACCOUNT,ID,ALTER_TABLE_FK
dbo.PURC_REQ_LINE.sql,FK_PURC_REQ_LINE_00,PURC_REQ_LINE,PURCHASE_UM,UNITS,UNIT_OF_MEASURE,ALTER_TABLE_FK
dbo.PURC_REQ_LINE.sql,FK_PURC_REQ_LINE_00,PURC_REQ_LINE,PURC_REQ_ID,PURC_REQUISITION,ID,ALTER_TABLE_FK
dbo.PURC_REQ_LN_BINARY.sql,FK_PURC_REQ_LN_BINARY_00,PURC_REQ_LN_BINARY,"PURC_REQ_ID, PURC_REQ_LINE_NO",PURC_REQ_LINE,"PURC_REQ_ID, LINE_NO",ALTER_TABLE_FK
dbo.PURC_SERV_DETAIL.sql,FKEY9003,PURC_SERV_DETAIL,CURRENCY_ID,CURRENCY,ID,ALTER_TABLE_FK
dbo.PURC_SERV_DETAIL.sql,FKEY9003,PURC_SERV_DETAIL,PURC_ORDER_ID,PURCHASE_ORDER,ID,ALTER_TABLE_FK
dbo.QUOTE.sql,FK_QUOTE_CONT_ID,QUOTE,CONTACT_ID,CONTACT,ID,ALTER_TABLE_FK
dbo.QUOTE.sql,FK_QUOTE_CONT_ID,QUOTE,CURRENCY_ID,CURRENCY,ID,ALTER_TABLE_FK
dbo.QUOTE.sql,FKEY0013,QUOTE,CUSTOMER_ID,CUSTOMER,ID,ALTER_TABLE_FK
dbo.QUOTE.sql,FKEY0066,QUOTE,DISCOUNT_CODE,CUSTOMER_DISCOUNT,DISCOUNT_CODE,ALTER_TABLE_FK
dbo.QUOTE.sql,FK_QUOTE_CONT_ID,QUOTE,SITE_ID,SITE,ID,ALTER_TABLE_FK
dbo.QUOTE.sql,FKEY0275,QUOTE,TERMS_ID,TERMS,ID,ALTER_TABLE_FK
dbo.QUOTED_OPTIONS.sql,FKEY0183,QUOTED_OPTIONS,PART_ID,PART,ID,ALTER_TABLE_FK
dbo.QUOTED_OPTIONS.sql,FKEY0183,QUOTED_OPTIONS,"QUOTE_ID, QUOTE_LINE_NO",QUOTE_LINE,"QUOTE_ID, LINE_NO",ALTER_TABLE_FK
dbo.QUOTE_BINARY.sql,FKEY0179,QUOTE_BINARY,QUOTE_ID,QUOTE,ID,ALTER_TABLE_FK
dbo.QUOTE_LINE.sql,FKEY0104,QUOTE_LINE,PART_ID,PART,ID,ALTER_TABLE_FK
dbo.QUOTE_LINE.sql,FKEY0104,QUOTE_LINE,QUOTE_ID,QUOTE,ID,ALTER_TABLE_FK
dbo.QUOTE_LINE_BILLING.sql,FKEY9107,QUOTE_LINE_BILLING,"QUOTE_ID, QUOTE_LINE_NO",QUOTE_LINE,"QUOTE_ID, LINE_NO",ALTER_TABLE_FK
dbo.QUOTE_LINE_BILLING.sql,FKEY9107,QUOTE_LINE_BILLING,REV_GL_ACCT_ID,ACCOUNT,ID,ALTER_TABLE_FK
dbo.QUOTE_LINE_BINARY.sql,FKEY0181,QUOTE_LINE_BINARY,"QUOTE_ID, QUOTE_LINE_NO",QUOTE_LINE,"QUOTE_ID, LINE_NO",ALTER_TABLE_FK
dbo.QUOTE_ORDER.sql,FKEY0158,QUOTE_ORDER,CUST_ORDER_ID,CUSTOMER_ORDER,ID,ALTER_TABLE_FK
dbo.QUOTE_ORDER.sql,FKEY0158,QUOTE_ORDER,QUOTE_ID,QUOTE,ID,ALTER_TABLE_FK
dbo.QUOTE_PRICE.sql,FKEY0182,QUOTE_PRICE,"QUOTE_ID, QUOTE_LINE_NO",QUOTE_LINE,"QUOTE_ID, LINE_NO",ALTER_TABLE_FK
dbo.RATE_DETAIL.sql,FK_RATE_DETAIL_00,RATE_DETAIL,COST_CATEGORY_ID,COST_CATEGORY,ID,ALTER_TABLE_FK
dbo.RATE_DETAIL.sql,FK_RATE_DETAIL_00,RATE_DETAIL,RATE_ID,RATE,ID,ALTER_TABLE_FK
dbo.RCR_PAYABLE.sql,FKEY0024,RCR_PAYABLE,PAYB_GL_ACCT_ID,ACCOUNT,ID,ALTER_TABLE_FK
dbo.RCR_PAYABLE.sql,FKEY0024,RCR_PAYABLE,SITE_ID,SITE,ID,ALTER_TABLE_FK
dbo.RCR_PAYABLE.sql,FKEY0279,RCR_PAYABLE,TERMS_ID,TERMS,ID,ALTER_TABLE_FK
dbo.RCR_PAYABLE.sql,FKEY0024,RCR_PAYABLE,VENDOR_ID,VENDOR,ID,ALTER_TABLE_FK
dbo.RCR_PAYABLE_LINE.sql,FKEY0230,RCR_PAYABLE_LINE,GL_ACCOUNT_ID,ACCOUNT,ID,ALTER_TABLE_FK
dbo.RCR_PAYABLE_LINE.sql,FKEY0230,RCR_PAYABLE_LINE,RCR_PAYABLE_ID,RCR_PAYABLE,ID,ALTER_TABLE_FK
dbo.RCR_PAYABLE_LINE.sql,FKEY0280,RCR_PAYABLE_LINE,vat_category,VAT_CATEGORY,ID,ALTER_TABLE_FK
dbo.RCR_RECEIVABLE.sql,FKEY9366,RCR_RECEIVABLE,CUSTOMER_ID,CUSTOMER,ID,ALTER_TABLE_FK
dbo.RCR_RECEIVABLE.sql,FKEY9367,RCR_RECEIVABLE,RECV_GL_ACCT_ID,ACCOUNT,ID,ALTER_TABLE_FK
dbo.RCR_RECEIVABLE.sql,FKEY9369,RCR_RECEIVABLE,SALESREP_ID,SALES_REP,ID,ALTER_TABLE_FK
dbo.RCR_RECEIVABLE.sql,FKEY9366,RCR_RECEIVABLE,SITE_ID,SITE,ID,ALTER_TABLE_FK
dbo.RCR_RECEIVABLE.sql,FKEY9587,RCR_RECEIVABLE,TERMS_ID,TERMS,ID,ALTER_TABLE_FK
dbo.RCR_RECV_LINE.sql,FKEY9368,RCR_RECV_LINE,GL_ACCOUNT_ID,ACCOUNT,ID,ALTER_TABLE_FK
dbo.RCR_RECV_LINE.sql,FKEY9368,RCR_RECV_LINE,RCR_RECEIVABLE_ID,RCR_RECEIVABLE,ID,ALTER_TABLE_FK
dbo.RCR_RECV_LINE.sql,FKEY9370,RCR_RECV_LINE,vat_category,VAT_CATEGORY,ID,ALTER_TABLE_FK
dbo.RCR_RECV_SHARE.sql,FKEY9585,RCR_RECV_SHARE,RCR_RECV_ID,RCR_RECEIVABLE,ID,ALTER_TABLE_FK
dbo.RCR_RECV_SHARE.sql,FKEY9585,RCR_RECV_SHARE,SHARE_SALESREP_ID,SALES_REP,ID,ALTER_TABLE_FK
dbo.RECEIVABLE.sql,FKEY0025,RECEIVABLE,CURRENCY_ID,CURRENCY,ID,ALTER_TABLE_FK
dbo.RECEIVABLE.sql,FKEY0025,RECEIVABLE,CUSTOMER_ID,CUSTOMER,ID,ALTER_TABLE_FK
dbo.RECEIVABLE.sql,FKEY9390,RECEIVABLE,SALESREP_ID,SALES_REP,ID,ALTER_TABLE_FK
dbo.RECEIVABLE.sql,FKEY0025,RECEIVABLE,SITE_ID,SITE,ID,ALTER_TABLE_FK
dbo.RECEIVABLE.sql,FKEY9588,RECEIVABLE,TERMS_ID,TERMS,ID,ALTER_TABLE_FK
dbo.RECEIVABLE_BINARY.sql,FKEY0232,RECEIVABLE_BINARY,INVOICE_ID,RECEIVABLE,INVOICE_ID,ALTER_TABLE_FK
dbo.RECEIVABLE_CURR.sql,FKEY9391,RECEIVABLE_CURR,CURRENCY_ID,CURRENCY,ID,ALTER_TABLE_FK
dbo.RECEIVABLE_CURR.sql,FKEY9391,RECEIVABLE_CURR,INVOICE_ID,RECEIVABLE,INVOICE_ID,ALTER_TABLE_FK
dbo.RECEIVABLE_DIST.sql,FKEY0233,RECEIVABLE_DIST,CURRENCY_ID,CURRENCY,ID,ALTER_TABLE_FK
dbo.RECEIVABLE_DIST.sql,FKEY0026,RECEIVABLE_DIST,GL_ACCOUNT_ID,ACCOUNT,ID,ALTER_TABLE_FK
dbo.RECEIVABLE_DIST.sql,FKEY0203,RECEIVABLE_DIST,INVOICE_ID,RECEIVABLE,INVOICE_ID,ALTER_TABLE_FK
dbo.RECEIVABLE_DIST.sql,FK_RCVDST_BATCH,RECEIVABLE_DIST,SITE_ID,SITE,ID,ALTER_TABLE_FK
dbo.RECEIVABLE_DIST.sql,FK_RCVDST_BATCH,RECEIVABLE_DIST,"SITE_ID, BATCH_ID",JOURNAL_BATCH,"SITE_ID, ID",ALTER_TABLE_FK
dbo.RECEIVABLE_INST.sql,FK_RECEIVABLE_INST_00,RECEIVABLE_INST,INVOICE_ID,RECEIVABLE,INVOICE_ID,ALTER_TABLE_FK
dbo.RECEIVABLE_LINE.sql,FKEY0231,RECEIVABLE_LINE,"CUST_ORDER_ID, CUST_ORDER_LINE_NO",CUST_ORDER_LINE,"CUST_ORDER_ID, LINE_NO",ALTER_TABLE_FK
dbo.RECEIVABLE_LINE.sql,FKEY0231,RECEIVABLE_LINE,INVOICE_ID,RECEIVABLE,INVOICE_ID,ALTER_TABLE_FK
dbo.RECEIVABLE_LINE.sql,FKEY0281,RECEIVABLE_LINE,VAT_CATEGORY,VAT_CATEGORY,ID,ALTER_TABLE_FK
dbo.RECEIVABLE_SHARE.sql,FKEY9589,RECEIVABLE_SHARE,INVOICE_ID,RECEIVABLE,INVOICE_ID,ALTER_TABLE_FK
dbo.RECEIVABLE_SHARE.sql,FKEY9589,RECEIVABLE_SHARE,SHARE_SALESREP_ID,SALES_REP,ID,ALTER_TABLE_FK
dbo.RECEIVER.sql,FK_RECEIVER_TO_SITE,RECEIVER,PURC_ORDER_ID,PURCHASE_ORDER,ID,ALTER_TABLE_FK
dbo.RECEIVER.sql,FK_RECEIVER_TO_SITE,RECEIVER,SITE_ID,SITE,ID,ALTER_TABLE_FK
dbo.RECEIVER_LINE.sql,FKEY0171,RECEIVER_LINE,"PURC_ORDER_ID, PURC_ORDER_LINE_NO",PURC_ORDER_LINE,"PURC_ORDER_ID, LINE_NO",ALTER_TABLE_FK
dbo.RECEIVER_LINE.sql,FKEY0171,RECEIVER_LINE,RECEIVER_ID,RECEIVER,ID,ALTER_TABLE_FK
dbo.RECEIVER_LINE_DEL.sql,FKEY9374,RECEIVER_LINE_DEL,"PURC_ORDER_ID, PURC_ORDER_LINE_NO",PURC_ORDER_LINE,"PURC_ORDER_ID, LINE_NO",ALTER_TABLE_FK
dbo.RECVR_LINE_BINARY.sql,FK_RECVR_LINE_BINARY,RECVR_LINE_BINARY,"RECEIVER_ID, RECEIVER_LINE_NO",RECEIVER_LINE,"RECEIVER_ID, LINE_NO",ALTER_TABLE_FK
dbo.RECV_LINE_BINARY.sql,FKEY0236,RECV_LINE_BINARY,"INVOICE_ID, RECV_LINE_NO",RECEIVABLE_LINE,"INVOICE_ID, LINE_NO",ALTER_TABLE_FK
dbo.RECV_MEMO_APPLY.sql,FKEY0234,RECV_MEMO_APPLY,INV_INVOICE_ID,RECEIVABLE,INVOICE_ID,ALTER_TABLE_FK
dbo.RECV_MEMO_APPLY.sql,FKEY0234,RECV_MEMO_APPLY,MEMO_INVOICE_ID,RECEIVABLE,INVOICE_ID,ALTER_TABLE_FK
dbo.REPORT_CAL_MAP.sql,FK_FIN_CAL_MAP,REPORT_CAL_MAP,FIN_CAL_ID,FINANCIAL_CALENDAR,ID,ALTER_TABLE_FK
dbo.REPORT_CAL_MAP.sql,FK_FIN_CAL_MAP,REPORT_CAL_MAP,RPT_CAL_ID,REPORT_CALENDAR,ID,ALTER_TABLE_FK
dbo.REPORT_LINE.sql,FKEY0218,REPORT_LINE,REPORT_ID,REPORT,ID,ALTER_TABLE_FK
dbo.REQUEST_FOR_QUOTE.sql,FKEY0292,REQUEST_FOR_QUOTE,SITE_ID,SITE,ID,ALTER_TABLE_FK
dbo.REQUIREMENT.sql,FKEY0078,REQUIREMENT,PART_ID,PART,ID,ALTER_TABLE_FK
dbo.REQUIREMENT.sql,FKEY0036,REQUIREMENT,USAGE_UM,UNITS,UNIT_OF_MEASURE,ALTER_TABLE_FK
dbo.REQUIREMENT.sql,FKEY0036,REQUIREMENT,VENDOR_ID,VENDOR,ID,ALTER_TABLE_FK
dbo.REQUIREMENT.sql,FKEY0078,REQUIREMENT,"WORKORDER_TYPE, WORKORDER_BASE_ID, WORKORDER_LOT_ID, WORKORDER_SPLIT_ID, SUBORD_WO_SUB_ID",WORK_ORDER,"TYPE, BASE_ID, LOT_ID, SPLIT_ID, SUB_ID",ALTER_TABLE_FK
dbo.REQUIREMENT_BINARY.sql,FK_REQUIREMENT_BINARY_00,REQUIREMENT_BINARY,"WORKORDER_TYPE, WORKORDER_BASE_ID, WORKORDER_LOT_ID, WORKORDER_SPLIT_ID, WORKORDER_SUB_ID, OPERATION_SEQ_NO, PIECE_NO",REQUIREMENT,"WORKORDER_TYPE, WORKORDER_BASE_ID, WORKORDER_LOT_ID, WORKORDER_SPLIT_ID, WORKORDER_SUB_ID, OPERATION_SEQ_NO, PIECE_NO",ALTER_TABLE_FK
dbo.REQUIREMENT_COST.sql,FKEY0140,REQUIREMENT_COST,"WORKORDER_TYPE, WORKORDER_BASE_ID, WORKORDER_LOT_ID, WORKORDER_SPLIT_ID, WORKORDER_SUB_ID, OPERATION_SEQ_NO, REQ_PIECE_NO",REQUIREMENT,"WORKORDER_TYPE, WORKORDER_BASE_ID, WORKORDER_LOT_ID, WORKORDER_SPLIT_ID, WORKORDER_SUB_ID, OPERATION_SEQ_NO, PIECE_NO",ALTER_TABLE_FK
dbo.REQUIREMENT_SCHED.sql,FKEY0106,REQUIREMENT_SCHED,PART_ID,PART,ID,ALTER_TABLE_FK
dbo.REQUIREMENT_SCHED.sql,FKEY0106,REQUIREMENT_SCHED,SCHEDULE_ID,SCHEDULE,ID,ALTER_TABLE_FK
dbo.REQUIREMENT_SCHED.sql,FKEY0187,REQUIREMENT_SCHED,"SCHEDULE_ID, WORKORDER_TYPE, WORKORDER_BASE_ID, WORKORDER_LOT_ID, WORKORDER_SPLIT_ID, WORKORDER_SUB_ID",WORK_ORDER_SCHED,"SCHEDULE_ID, WORKORDER_TYPE, WORKORDER_BASE_ID, WORKORDER_LOT_ID, WORKORDER_SPLIT_ID, WORKORDER_SUB_ID",ALTER_TABLE_FK
dbo.RESOURCE_SCHED.sql,FKEY0130,RESOURCE_SCHED,RESOURCE_ID,SHOP_RESOURCE,ID,ALTER_TABLE_FK
dbo.RESOURCE_SCHED.sql,FKEY0130,RESOURCE_SCHED,SCHEDULE_ID,SCHEDULE,ID,ALTER_TABLE_FK
dbo.RES_SIMULATION.sql,FK_RES_SIMULATION_00,RES_SIMULATION,RESOURCE_ID,SHOP_RESOURCE,ID,ALTER_TABLE_FK
dbo.RES_SIMULATION.sql,FK_RES_SIMULATION_00,RES_SIMULATION,SIMULATION_ID,SIMULATION,ID,ALTER_TABLE_FK
dbo.REVALUE.sql,FKEY9472,REVALUE,SITE_ID,SITE,ID,ALTER_TABLE_FK
dbo.REVALUE_CURR.sql,FKEY9480,REVALUE_CURR,CURRENCY_ID,CURRENCY,ID,ALTER_TABLE_FK
dbo.REVALUE_CURR.sql,FKEY9480,REVALUE_CURR,REVALUE_ID,REVALUE,ID,ALTER_TABLE_FK
dbo.REVALUE_DIST.sql,FKEY9478,REVALUE_DIST,CURRENCY_ID,CURRENCY,ID,ALTER_TABLE_FK
dbo.REVALUE_DIST.sql,FKEY9476,REVALUE_DIST,GL_ACCOUNT_ID,ACCOUNT,ID,ALTER_TABLE_FK
dbo.REVALUE_DIST.sql,FKEY9476,REVALUE_DIST,REVALUE_ID,REVALUE,ID,ALTER_TABLE_FK
dbo.REVALUE_DIST.sql,FKEY9477,REVALUE_DIST,SITE_ID,SITE,ID,ALTER_TABLE_FK
dbo.REVALUE_LINE.sql,FKEY9473,REVALUE_LINE,GL_ACCOUNT_ID,ACCOUNT,ID,ALTER_TABLE_FK
dbo.REVALUE_LINE.sql,FKEY9474,REVALUE_LINE,"GROUP_ID, GL_ACCOUNT_ID",ACCOUNT_GROUP,"GROUP_ID, ACCOUNT_ID",ALTER_TABLE_FK
dbo.REVALUE_LINE.sql,FKEY9473,REVALUE_LINE,REVALUE_ID,REVALUE,ID,ALTER_TABLE_FK
dbo.REVENUE_DETAIL.sql,FK_REVENUE_DETAIL_00,REVENUE_DETAIL,CURRENCY_ID,CURRENCY,ID,ALTER_TABLE_FK
dbo.REVENUE_DETAIL.sql,FK_REVENUE_DETAIL_03,REVENUE_DETAIL,CUST_ORDER_ID,CUSTOMER_ORDER,ID,ALTER_TABLE_FK
dbo.REVENUE_DETAIL.sql,FK_REVENUE_DETAIL_02,REVENUE_DETAIL,INVOICE_ID,RECEIVABLE,INVOICE_ID,ALTER_TABLE_FK
dbo.REVENUE_DETAIL.sql,FK_REVENUE_DETAIL_01,REVENUE_DETAIL,PACKLIST_ID,SHIPPER,PACKLIST_ID,ALTER_TABLE_FK
dbo.REVENUE_DETAIL.sql,FK_REVENUE_DETAIL_00,REVENUE_DETAIL,PROJECT_ID,PROJECT_INFO,ID,ALTER_TABLE_FK
dbo.REVENUE_DIST.sql,FK_REVENUE_DIST_00,REVENUE_DIST,CURRENCY_ID,CURRENCY,ID,ALTER_TABLE_FK
dbo.REVENUE_DIST.sql,FK_REVENUE_DIST_01,REVENUE_DIST,GL_ACCOUNT_ID,ACCOUNT,ID,ALTER_TABLE_FK
dbo.REVENUE_DIST.sql,FK_REVDST_BATCH,REVENUE_DIST,PROJECT_ID,PROJECT_INFO,ID,ALTER_TABLE_FK
dbo.REVENUE_DIST.sql,FK_REVDST_BATCH,REVENUE_DIST,"SITE_ID, BATCH_ID",JOURNAL_BATCH,"SITE_ID, ID",ALTER_TABLE_FK
dbo.RFQ_BINARY.sql,FKEY0250,RFQ_BINARY,RFQ_ID,REQUEST_FOR_QUOTE,ID,ALTER_TABLE_FK
dbo.RFQ_LINE.sql,FKEY0252,RFQ_LINE,PART_ID,PART,ID,ALTER_TABLE_FK
dbo.RFQ_LINE.sql,FKEY0252,RFQ_LINE,RFQ_ID,REQUEST_FOR_QUOTE,ID,ALTER_TABLE_FK
dbo.RFQ_VENDOR.sql,FK_RFQ_VEN_CONT_ID,RFQ_VENDOR,CONTACT_ID,CONTACT,ID,ALTER_TABLE_FK
dbo.RFQ_VENDOR.sql,FK_RFQ_VEN_CONT_ID,RFQ_VENDOR,RFQ_ID,REQUEST_FOR_QUOTE,ID,ALTER_TABLE_FK
dbo.RFQ_VENDOR.sql,FKEY0251,RFQ_VENDOR,VENDOR_ID,VENDOR,ID,ALTER_TABLE_FK
dbo.RFQ_VENDOR_QUOTE.sql,FKEY9604,RFQ_VENDOR_QUOTE,CURRENCY_ID,CURRENCY,ID,ALTER_TABLE_FK
dbo.RMA.sql,FK_RMA_TO_SITE,RMA,PACKLIST_ID,SHIPPER,PACKLIST_ID,ALTER_TABLE_FK
dbo.RMA.sql,FK_RMA_TO_SITE,RMA,SITE_ID,SITE,ID,ALTER_TABLE_FK
dbo.RMA_BINARY.sql,FKEY9377,RMA_BINARY,RMA_ID,RMA,ID,ALTER_TABLE_FK
dbo.RMA_LINE.sql,FKEY9379,RMA_LINE,RMA_ID,RMA,ID,ALTER_TABLE_FK
dbo.RMA_LINE_BINARY.sql,FKEY9378,RMA_LINE_BINARY,"RMA_ID, RMA_LINE_NO",RMA_LINE,"RMA_ID, LINE_NO",ALTER_TABLE_FK
dbo.RMA_LINE_DSL.sql,FK_RMA_LINE_DSL_RMA_LINE,RMA_LINE_DSL,"RMA_ID, RMA_LINE_NO",RMA_LINE,"RMA_ID, LINE_NO",ALTER_TABLE_FK
dbo.SALES_CODE_ENG.sql,FKEY0110,SALES_CODE_ENG,PART_ID,PART,ID,ALTER_TABLE_FK
dbo.SALES_CODE_ENG.sql,FKEY0110,SALES_CODE_ENG,"SERIES_ID, MODEL_ID, SITE_ID",SERIES_MODEL_PART,"SERIES_ID, MODEL_ID, SITE_ID",ALTER_TABLE_FK
dbo.SALES_REP.sql,FKEY0049,SALES_REP,EARNING_CODE_ID,EARNING_CODE,ID,ALTER_TABLE_FK
dbo.SALES_REP.sql,FKEY0072,SALES_REP,EMPLOYEE_ID,EMPLOYEE,ID,ALTER_TABLE_FK
dbo.SALES_REP.sql,FKEY0049,SALES_REP,VENDOR_ID,VENDOR,ID,ALTER_TABLE_FK
dbo.SALES_REP_SHARE.sql,FKEY0256,SALES_REP_SHARE,SHARE_SALESREP_ID,SALES_REP,ID,ALTER_TABLE_FK
dbo.SALES_TAX_PCT.sql,FKEY0047,SALES_TAX_PCT,SALES_TAX_ID,SALES_TAX,ID,ALTER_TABLE_FK
dbo.SCHEDULE.sql,FK_SCHED_TO_SITE,SCHEDULE,SITE_ID,SITE,ID,ALTER_TABLE_FK
dbo.SELECTED_OPTIONS.sql,FKEY0286,SELECTED_OPTIONS,PART_ID,PART,ID,ALTER_TABLE_FK
dbo.SERIES_MODEL_PART.sql,FKEY0109,SERIES_MODEL_PART,PART_ID,PART,ID,ALTER_TABLE_FK
dbo.SERVICE.sql,FKEY0077,SERVICE,VENDOR_ID,VENDOR,ID,ALTER_TABLE_FK
dbo.SERVICE_BINARY.sql,FKEY0113,SERVICE_BINARY,SERVICE_ID,SERVICE,ID,ALTER_TABLE_FK
dbo.SERVICE_CHARGE.sql,FK_SRVCHARGE_TO_SITE,SERVICE_CHARGE,SITE_ID,SITE,ID,ALTER_TABLE_FK
dbo.SERVICE_DISP_LINE.sql,FKEY9365,SERVICE_DISP_LINE,DISPATCH_ID,SERVICE_DISPATCH,ID,ALTER_TABLE_FK
dbo.SERVICE_RCPT_CURR.sql,FKEY9446,SERVICE_RCPT_CURR,CURRENCY_ID,CURRENCY,ID,ALTER_TABLE_FK
dbo.SERVICE_RECEIPT.sql,FK_SERVICE_RECEIPT_00,SERVICE_RECEIPT,COST_CATEGORY_ID,COST_CATEGORY,ID,ALTER_TABLE_FK
dbo.SERVICE_RECEIPT.sql,FK_SERVICE_RECEIPT_00,SERVICE_RECEIPT,DEPARTMENT_ID,DEPARTMENT,ID,ALTER_TABLE_FK
dbo.SERVICE_RECEIPT.sql,FKEY0116,SERVICE_RECEIPT,"PURC_ORDER_ID, PURC_ORDER_LINE_NO",PURC_ORDER_LINE,"PURC_ORDER_ID, LINE_NO",ALTER_TABLE_FK
dbo.SERVICE_RECEIPT.sql,FK_SRVRCPT_TO_SITE,SERVICE_RECEIPT,SERVICE_ID,SERVICE,ID,ALTER_TABLE_FK
dbo.SERVICE_RECEIPT.sql,FK_SERVICE_RECEIPT_01,SERVICE_RECEIPT,SITE_ID,SITE,ID,ALTER_TABLE_FK
dbo.SERVICE_SHIPPING.sql,FK_SERVICE_SHIPPING_00,SERVICE_SHIPPING,SERVICE_ID,SERVICE,ID,ALTER_TABLE_FK
dbo.SERVICE_SHIPPING.sql,FK_SERVICE_SHIPPING_00,SERVICE_SHIPPING,SERVICE_PART_ID,PART,ID,ALTER_TABLE_FK
dbo.SERVICE_SITE.sql,FK_SERV_SITE_TO_SERVICE,SERVICE_SITE,SERVICE_ID,SERVICE,ID,ALTER_TABLE_FK
dbo.SERVICE_SITE.sql,FK_SERV_SITE_TO_SERVICE,SERVICE_SITE,SITE_ID,SITE,ID,ALTER_TABLE_FK
dbo.SER_SIMULATION.sql,FK_SER_SIMULATION_00,SER_SIMULATION,SERVICE_ID,SERVICE,ID,ALTER_TABLE_FK
dbo.SER_SIMULATION.sql,FK_SER_SIMULATION_00,SER_SIMULATION,SIMULATION_ID,SIMULATION,ID,ALTER_TABLE_FK
dbo.SHIFT_DAY.sql,FKEY0257,SHIFT_DAY,SHIFT_ID,SHIFT,ID,ALTER_TABLE_FK
dbo.SHIPMENT_DETAIL.sql,FKEY9001,SHIPMENT_DETAIL,CURRENCY_ID,CURRENCY,ID,ALTER_TABLE_FK
dbo.SHIPMENT_DETAIL.sql,FKEY9001,SHIPMENT_DETAIL,CUST_ORDER_ID,CUSTOMER_ORDER,ID,ALTER_TABLE_FK
dbo.SHIPMENT_DIST.sql,FKEY0196,SHIPMENT_DIST,CURRENCY_ID,CURRENCY,ID,ALTER_TABLE_FK
dbo.SHIPMENT_DIST.sql,FKEY0008,SHIPMENT_DIST,CUST_ORDER_ID,CUSTOMER_ORDER,ID,ALTER_TABLE_FK
dbo.SHIPMENT_DIST.sql,FKEY0153,SHIPMENT_DIST,GL_ACCOUNT_ID,ACCOUNT,ID,ALTER_TABLE_FK
dbo.SHIPMENT_DIST.sql,FK_SHPDST_BATCH,SHIPMENT_DIST,SITE_ID,SITE,ID,ALTER_TABLE_FK
dbo.SHIPMENT_DIST.sql,FK_SHPDST_BATCH,SHIPMENT_DIST,"SITE_ID, BATCH_ID",JOURNAL_BATCH,"SITE_ID, ID",ALTER_TABLE_FK
dbo.SHIPPER.sql,FK_SHIPPER_TO_SITE,SHIPPER,CUST_ORDER_ID,CUSTOMER_ORDER,ID,ALTER_TABLE_FK
dbo.SHIPPER.sql,FK_SHIPPER_TO_SITE,SHIPPER,SITE_ID,SITE,ID,ALTER_TABLE_FK
dbo.SHIPPER_LINE.sql,FKEY0161,SHIPPER_LINE,"CUST_ORDER_ID, CUST_ORDER_LINE_NO",CUST_ORDER_LINE,"CUST_ORDER_ID, LINE_NO",ALTER_TABLE_FK
dbo.SHIPPER_LINE.sql,FKEY0161,SHIPPER_LINE,PACKLIST_ID,SHIPPER,PACKLIST_ID,ALTER_TABLE_FK
dbo.SHIPPER_LINE.sql,FKEY0163,SHIPPER_LINE,"RMA_ID, RMA_LINE_NO",RMA_LINE,"RMA_ID, LINE_NO",ALTER_TABLE_FK
dbo.SHIPPER_LINE_DEL.sql,FKEY9372,SHIPPER_LINE_DEL,"CUST_ORDER_ID, CUST_ORDER_LINE_NO",CUST_ORDER_LINE,"CUST_ORDER_ID, LINE_NO",ALTER_TABLE_FK
dbo.SHIPPER_LINE_DEL.sql,FKEY9372,SHIPPER_LINE_DEL,"PACKLIST_ID, PACKLIST_LINE_NO",SHIPPER_LINE,"PACKLIST_ID, LINE_NO",ALTER_TABLE_FK
dbo.SHIPPER_LINK.sql,FK_SHIPPER_LINK_BOL,SHIPPER_LINK,BOL_ID,BOL,ID,ALTER_TABLE_FK
dbo.SHIPPER_LINK.sql,FKEY9571,SHIPPER_LINK,"CARTON_ID, CARTON_LINE_NO",CARTON_LINE,"CARTON_ID, LINE_NO",ALTER_TABLE_FK
dbo.SHIPPER_LINK.sql,FKEY9573,SHIPPER_LINK,"CUST_ORDER_ID, CUST_ORDER_LINE_NO",CUST_ORDER_LINE,"CUST_ORDER_ID, LINE_NO",ALTER_TABLE_FK
dbo.SHIPPER_LINK.sql,FKEY9574,SHIPPER_LINK,"PACKLIST_ID, PACKLIST_LINE_NO",SHIPPER_LINE,"PACKLIST_ID, LINE_NO",ALTER_TABLE_FK
dbo.SHIPPER_LINK.sql,FKEY9571,SHIPPER_LINK,PALLET_ID,PALLET,ID,ALTER_TABLE_FK
dbo.SHIPPER_LINK.sql,FK_SHIPPER_LINK_BOL,SHIPPER_LINK,TARE_ID,TARE,ID,ALTER_TABLE_FK
dbo.SHIPTO_ADDRESS.sql,FK_SHIPTOADD_CNTRY,SHIPTO_ADDRESS,ARRIVAL_CODE,PORT_OF_ARRIVAL,CODE,ALTER_TABLE_FK
dbo.SHIPTO_ADDRESS.sql,FK_SHIPTOADD_CNTRY,SHIPTO_ADDRESS,COUNTRY_ID,COUNTRY,ID,ALTER_TABLE_FK
dbo.SHIPTO_ADDRESS.sql,FKEY9326,SHIPTO_ADDRESS,MODE_OF_TRANSPORT,MODE_OF_TRANSPORT,CODE,ALTER_TABLE_FK
dbo.SHIPTO_ADDRESS.sql,FKEY9324,SHIPTO_ADDRESS,NATURE_OF_TRANS,NATURE_OF_TRANS,CODE,ALTER_TABLE_FK
dbo.SHIPTO_ADDRESS.sql,FKEY9323,SHIPTO_ADDRESS,TRANS_CODE,PORT_OF_TRANS,CODE,ALTER_TABLE_FK
dbo.SHOP_GROUP.sql,FKEY0123,SHOP_GROUP,GROUP_RESOURCE_ID,SHOP_RESOURCE,ID,ALTER_TABLE_FK
dbo.SHOP_GROUP.sql,FKEY0123,SHOP_GROUP,SUB_RESOURCE_ID,SHOP_RESOURCE,ID,ALTER_TABLE_FK
dbo.SHOP_RESOURCE.sql,FKEY0266,SHOP_RESOURCE,AFB_GL_ACCT_ID,ACCOUNT,ID,ALTER_TABLE_FK
dbo.SHOP_RESOURCE_SITE.sql,FK_SHOP_RES_SITE_TO_SHOP_RESOURCE,SHOP_RESOURCE_SITE,RESOURCE_ID,SHOP_RESOURCE,ID,ALTER_TABLE_FK
dbo.SHOP_RESOURCE_SITE.sql,FK_SHOP_RES_SITE_TO_SHOP_RESOURCE,SHOP_RESOURCE_SITE,SITE_ID,SITE,ID,ALTER_TABLE_FK
dbo.SHOP_VIEW.sql,FKEY0125,SHOP_VIEW,RESOURCE_ID,SHOP_RESOURCE,ID,ALTER_TABLE_FK
dbo.SITE.sql,FK_SITE_TO_ACC_ENTITY,SITE,ENTITY_ID,ACCOUNTING_ENTITY,ID,ALTER_TABLE_FK
dbo.SLS_TAX_GRP_TAX.sql,FKEY0041,SLS_TAX_GRP_TAX,SALES_TAX_GROUP_ID,SALES_TAX_GROUP,ID,ALTER_TABLE_FK
dbo.SLS_TAX_GRP_TAX.sql,FKEY0041,SLS_TAX_GRP_TAX,SALES_TAX_ID,SALES_TAX,ID,ALTER_TABLE_FK
dbo.SOA_CODE_LIST.sql,FK_SOA_DIMENSION,SOA_CODE_LIST,"LIST_ID, AGENCY_ID",SOA_DIMENSION,"ID, AGENCY_ID",ALTER_TABLE_FK
dbo.SOA_CODE_MAP.sql,FK_SOA_CODE_LIST,SOA_CODE_MAP,"LIST_ID, AGENCY_ID, SOA_CODE",SOA_CODE_LIST,"LIST_ID, AGENCY_ID, CODE",ALTER_TABLE_FK
dbo.SPLIT_TRANS_CURR.sql,FK_SPLIT_TRANS_CURR_00,SPLIT_TRANS_CURR,CURRENCY_ID,CURRENCY,ID,ALTER_TABLE_FK
dbo.SPLIT_TRANS_CURR.sql,FK_SPLIT_TRANS_CURR_00,SPLIT_TRANS_CURR,TRANSACTION_ID,SPLIT_TRANS,TRANSACTION_ID,ALTER_TABLE_FK
dbo.TARE.sql,FK_TARE_BOL,TARE,BOL_ID,BOL,ID,ALTER_TABLE_FK
dbo.TASK.sql,FK_TASK_REJ_CODE,TASK,REJECT_CODE,TASK_REJ_CODES,CODE,ALTER_TABLE_FK
dbo.TASK_BINARY.sql,FK_TASK_BINARY,TASK_BINARY,"TASK_TYPE, TASK_NO, SEQ_NO",TASK,"TYPE, TASK_NO, SEQ_NO",ALTER_TABLE_FK
dbo.TERMS_INST.sql,FK_TERMS_INST_00,TERMS_INST,TERMS_ID,TERMS,ID,ALTER_TABLE_FK
dbo.TEST_BINARY.sql,FKEY0245,TEST_BINARY,TEST_ID,TEST,ID,ALTER_TABLE_FK
dbo.TEST_RESULT.sql,FKEY0087,TEST_RESULT,EMPLOYEE_ID,EMPLOYEE,ID,ALTER_TABLE_FK
dbo.TEST_RESULT.sql,FKEY0247,TEST_RESULT,PART_ID,PART,ID,ALTER_TABLE_FK
dbo.TEST_RESULT.sql,FKEY0087,TEST_RESULT,"TEST_ID, STEP_NO",TEST_STEP,"TEST_ID, STEP_NO",ALTER_TABLE_FK
dbo.TEST_STEP.sql,FKEY0244,TEST_STEP,GAGE_ID,GAGE,GAGE_ID,ALTER_TABLE_FK
dbo.TEST_STEP.sql,FKEY0244,TEST_STEP,TEST_ID,TEST,ID,ALTER_TABLE_FK
dbo.TEST_STEP_BINARY.sql,FKEY0246,TEST_STEP_BINARY,"TEST_ID, STEP_NO",TEST_STEP,"TEST_ID, STEP_NO",ALTER_TABLE_FK
dbo.TRACE.sql,FKEY0108,TRACE,PART_ID,PART,ID,ALTER_TABLE_FK
dbo.TRACE_INV_TRANS.sql,FKEY0241,TRACE_INV_TRANS,"PART_ID, TRACE_ID",TRACE,"PART_ID, ID",ALTER_TABLE_FK
dbo.TRACE_INV_TRANS.sql,FKEY0241,TRACE_INV_TRANS,TRANSACTION_ID,INVENTORY_TRANS,TRANSACTION_ID,ALTER_TABLE_FK
dbo.TRACE_LABOR_TRANS.sql,FKEY0242,TRACE_LABOR_TRANS,"PART_ID, TRACE_ID",TRACE,"PART_ID, ID",ALTER_TABLE_FK
dbo.TRACE_LABOR_TRANS.sql,FKEY0242,TRACE_LABOR_TRANS,TRANSACTION_ID,LABOR_TICKET,TRANSACTION_ID,ALTER_TABLE_FK
dbo.TRACE_PROFILE.sql,FKEY0239,TRACE_PROFILE,DEF_LBL_FORMAT_ID,LABEL_FORMAT,ID,ALTER_TABLE_FK
dbo.TRACE_PROFILE.sql,FKEY0107,TRACE_PROFILE,NUMBERING_ID,TRACE_NUMBERING,ID,ALTER_TABLE_FK
dbo.TRACE_PROFILE.sql,FK_TRACE_PROF_TO_SITE,TRACE_PROFILE,SITE_ID,SITE,ID,ALTER_TABLE_FK
dbo.TRACE_PROFILE.sql,FK_TRACE_PROF_TO_SITE,TRACE_PROFILE,"SITE_ID, PART_ID",PART_SITE,"SITE_ID, PART_ID",ALTER_TABLE_FK
dbo.UNITS_CONVERSION.sql,FKEY0030,UNITS_CONVERSION,FROM_UM,UNITS,UNIT_OF_MEASURE,ALTER_TABLE_FK
dbo.UNP_MNT_CALLS.sql,FK_UNP_MNT_CONT_ID,UNP_MNT_CALLS,CONTACT_ID,CONTACT,ID,ALTER_TABLE_FK
dbo.UNP_MNT_CALLS.sql,FKEY9526,UNP_MNT_CALLS,CUSTOMER_ID,CUSTOMER,ID,ALTER_TABLE_FK
dbo.UNP_MNT_CALLS.sql,FKEY9525,UNP_MNT_CALLS,EQUIP_ID,EQUIPMENT,EQUIP_ID,ALTER_TABLE_FK
dbo.UNP_MNT_CALLS.sql,FKEY9522,UNP_MNT_CALLS,ESCALATION,UNP_MNT_ESCALATION,ID,ALTER_TABLE_FK
dbo.UNP_MNT_CALLS.sql,FK_UNP_MNT_CONT_ID,UNP_MNT_CALLS,"FAULT_CODE, FAULT_TYPE",UNP_MNT_FAULT_CODE,"ID, TYPE_ID",ALTER_TABLE_FK
dbo.UNP_MNT_CALLS.sql,FKEY9523,UNP_MNT_CALLS,"REMEDY_CODE, REMEDY_TYPE",UNP_MNT_REM_CODE,"ID, TYPE_ID",ALTER_TABLE_FK
dbo.UNP_MNT_CALLS.sql,FKEY9524,UNP_MNT_CALLS,RESOURCE_SELECTED,SHOP_RESOURCE,ID,ALTER_TABLE_FK
dbo.UNP_MNT_CALLS.sql,FKEY9521,UNP_MNT_CALLS,URGENCY,UNP_MNT_URGENCY,ID,ALTER_TABLE_FK
dbo.UNP_MNT_ENGINEER.sql,FKEY9528,UNP_MNT_ENGINEER,RESOURCE_ID,SHOP_RESOURCE,ID,ALTER_TABLE_FK
dbo.UNP_MNT_STD_REPAIR.sql,FKEY9531,UNP_MNT_STD_REPAIR,EQUIPMENT_TYPE,EQUIP_TYPE,ID,ALTER_TABLE_FK
dbo.UNP_MNT_STD_REPAIR.sql,FKEY9532,UNP_MNT_STD_REPAIR,"EQUIPMENT_TYPE, EQUIPMENT_MODEL",EQUIP_MODEL,"TYPE_ID, ID",ALTER_TABLE_FK
dbo.UNP_MNT_STD_REPAIR.sql,FKEY9530,UNP_MNT_STD_REPAIR,"FAULT_CODE, FAULT_TYPE",UNP_MNT_FAULT_CODE,"ID, TYPE_ID",ALTER_TABLE_FK
dbo.UNP_MNT_STD_REPAIR.sql,FKEY9529,UNP_MNT_STD_REPAIR,FAULT_TYPE,UNP_MNT_FAULT_TYPE,ID,ALTER_TABLE_FK
dbo.UNP_MNT_STD_REPAIR.sql,FKEY9529,UNP_MNT_STD_REPAIR,PART_ID,PART,ID,ALTER_TABLE_FK
dbo.USAGE_ANALYSIS.sql,FK_USAGE_ANAL_TO_SITE,USAGE_ANALYSIS,SITE_ID,SITE,ID,ALTER_TABLE_FK
dbo.USER_SITE.sql,FK_USER_SITE_TO_SITE,USER_SITE,SITE_ID,SITE,ID,ALTER_TABLE_FK
dbo.VENDOR.sql,FKEY0262,VENDOR,ARRIVAL_CODE,PORT_OF_ARRIVAL,CODE,ALTER_TABLE_FK
dbo.VENDOR.sql,FK_VEND_GROUP_ID,VENDOR,COUNTRY_ID,COUNTRY,ID,ALTER_TABLE_FK
dbo.VENDOR.sql,FK_VENDOR_CNTRY,VENDOR,CURRENCY_ID,CURRENCY,ID,ALTER_TABLE_FK
dbo.VENDOR.sql,FKEY0058,VENDOR,DEF_EXP_GL_ACCT_ID,ACCOUNT,ID,ALTER_TABLE_FK
dbo.VENDOR.sql,FKEY9321,VENDOR,DEF_LBL_FORMAT_ID,LABEL_FORMAT,ID,ALTER_TABLE_FK
dbo.VENDOR.sql,FKEY9578,VENDOR,DEF_TERMS_ID,TERMS,ID,ALTER_TABLE_FK
dbo.VENDOR.sql,FKEY9465,VENDOR,DEF_TRANS_CURRENCY,CURRENCY,ID,ALTER_TABLE_FK
dbo.VENDOR.sql,FKEY9319,VENDOR,MODE_OF_TRANSPORT,MODE_OF_TRANSPORT,CODE,ALTER_TABLE_FK
dbo.VENDOR.sql,FKEY9317,VENDOR,NATURE_OF_TRANS,NATURE_OF_TRANS,CODE,ALTER_TABLE_FK
dbo.VENDOR.sql,FKEY9471,VENDOR,RETURN_TRANS,NATURE_OF_TRANS,CODE,ALTER_TABLE_FK
dbo.VENDOR.sql,FKEY9316,VENDOR,TRANS_CODE,PORT_OF_TRANS,CODE,ALTER_TABLE_FK
dbo.VENDOR.sql,FK_VEND_GROUP_ID,VENDOR,VENDOR_GROUP_ID,VENDOR_GROUP,ID,ALTER_TABLE_FK
dbo.VENDOR.sql,FKEY9320,VENDOR,WITHHOLDING_CODE,WITHHOLDING,CODE,ALTER_TABLE_FK
dbo.VENDOR_ADDRESS.sql,FKEY9322,VENDOR_ADDRESS,DEF_LBL_FORMAT_ID,LABEL_FORMAT,ID,ALTER_TABLE_FK
dbo.VENDOR_ADDRESS.sql,FKEY0074,VENDOR_ADDRESS,TRANS_CODE,PORT_OF_TRANS,CODE,ALTER_TABLE_FK
dbo.VENDOR_ADDRESS.sql,FKEY0074,VENDOR_ADDRESS,VENDOR_ID,VENDOR,ID,ALTER_TABLE_FK
dbo.VENDOR_BANK.sql,FK_VEND_BANK_CNTRY,VENDOR_BANK,COUNTRY_ID,COUNTRY,ID,ALTER_TABLE_FK
dbo.VENDOR_BANK.sql,FK_VEND_BANK_CNTRY,VENDOR_BANK,VENDOR_ID,VENDOR,ID,ALTER_TABLE_FK
dbo.VENDOR_BINARY.sql,FKEY0073,VENDOR_BINARY,VENDOR_ID,VENDOR,ID,ALTER_TABLE_FK
dbo.VENDOR_CONTACT.sql,FKEY0075,VENDOR_CONTACT,VENDOR_ID,VENDOR,ID,ALTER_TABLE_FK
dbo.VENDOR_ENTITY.sql,FK_VENDOR_ENTITY_TO_CUSTOMER,VENDOR_ENTITY,ENTITY_ID,ACCOUNTING_ENTITY,ID,ALTER_TABLE_FK
dbo.VENDOR_ENTITY.sql,FK_VENDOR_ENTITY_TO_CUSTOMER,VENDOR_ENTITY,VENDOR_ID,VENDOR,ID,ALTER_TABLE_FK
dbo.VENDOR_PART.sql,FKEY0080,VENDOR_PART,PART_ID,PART,ID,ALTER_TABLE_FK
dbo.VENDOR_PART.sql,FK_VEND_PART_TO_SITE,VENDOR_PART,SITE_ID,SITE,ID,ALTER_TABLE_FK
dbo.VENDOR_PART.sql,FK_VEND_PART_TO_SITE,VENDOR_PART,VENDOR_ID,VENDOR,ID,ALTER_TABLE_FK
dbo.VENDOR_QUOTE.sql,FKEY0081,VENDOR_QUOTE,CURRENCY_ID,CURRENCY,ID,ALTER_TABLE_FK
dbo.VENDOR_QUOTE.sql,FK_VEND_QUOTE_TO_SITE,VENDOR_QUOTE,PURCHASE_UM,UNITS,UNIT_OF_MEASURE,ALTER_TABLE_FK
dbo.VENDOR_QUOTE.sql,FK_VEND_QUOTE_TO_SITE,VENDOR_QUOTE,SITE_ID,SITE,ID,ALTER_TABLE_FK
dbo.VENDOR_QUOTE.sql,FKEY0039,VENDOR_QUOTE,VENDOR_ID,VENDOR,ID,ALTER_TABLE_FK
dbo.VENDOR_REMIT_ADDR.sql,FKEY9371,VENDOR_REMIT_ADDR,VENDOR_ID,VENDOR,ID,ALTER_TABLE_FK
dbo.VENDOR_SERVICE.sql,FK_VEND_SERV_TO_SITE,VENDOR_SERVICE,SITE_ID,SITE,ID,ALTER_TABLE_FK
dbo.VENDOR_SERV_QUOTE.sql,FK_VENDSERV_QUOTE_TO_SITE,VENDOR_SERV_QUOTE,CURRENCY_ID,CURRENCY,ID,ALTER_TABLE_FK
dbo.VENDOR_SERV_QUOTE.sql,FK_VENDSERV_QUOTE_TO_SITE,VENDOR_SERV_QUOTE,SITE_ID,SITE,ID,ALTER_TABLE_FK
dbo.VEND_CONTACT.sql,FK_VEND_CONT_CONT,VEND_CONTACT,CONTACT_ID,CONTACT,ID,ALTER_TABLE_FK
dbo.VEND_CONTACT.sql,FK_VEND_CONT_CONT,VEND_CONTACT,VENDOR_ID,VENDOR,ID,ALTER_TABLE_FK
dbo.VEND_CONT_EML_DOC.sql,FKEY9606,VEND_CONT_EML_DOC,VENDOR_ID,VENDOR,ID,ALTER_TABLE_FK
dbo.VMDI_ASSOC.sql,FKEY9114,VMDI_ASSOC,"LAYOUT_KEY, LAYOUT_VERSION, LAYOUT_DIRECTION",VMDI_LAYOUT,"KEY, VERSION, DIRECTION",ALTER_TABLE_FK
dbo.VMDI_DATA.sql,FKEY9104,VMDI_DATA,"LAYOUT_KEY, LAYOUT_VERSION, LAYOUT_DIRECTION",VMDI_LAYOUT,"KEY, VERSION, DIRECTION",ALTER_TABLE_FK
dbo.VMDI_TABLE.sql,FKEY9103,VMDI_TABLE,"LAYOUT_KEY, LAYOUT_VERSION, LAYOUT_DIRECTION",VMDI_LAYOUT,"KEY, VERSION, DIRECTION",ALTER_TABLE_FK
dbo.VR_ANALYTIC_CONFIG.sql,FK_ANAL_CFG_TO_DATA_SRC,VR_ANALYTIC_CONFIG,DATA_SOURCE_ID,VR_DATA_SOURCE,ID,ALTER_TABLE_FK
dbo.VR_ANALYTIC_CONFIG_PROP.sql,FK_ANAL_PROP_TO_ANAL_CFG,VR_ANALYTIC_CONFIG_PROP,ANALYTIC_CONFIG_ID,VR_ANALYTIC_CONFIG,ID,ALTER_TABLE_FK
dbo.VR_DATA_SOURCE_COLUMN.sql,FK_DATA_SRC_COL_TO_DATA_SRC,VR_DATA_SOURCE_COLUMN,DATA_SOURCE_ID,VR_DATA_SOURCE,ID,ALTER_TABLE_FK
dbo.VR_DATA_SOURCE_TABLE.sql,FK_DATA_SRC_TBL_TO_DATA_SRC,VR_DATA_SOURCE_TABLE,DATA_SOURCE_ID,VR_DATA_SOURCE,ID,ALTER_TABLE_FK
dbo.VR_DATA_SRC_DRILLTO_PARAM.sql,FK_VR_DRILLTO_TO_DS_COL,VR_DATA_SRC_DRILLTO_PARAM,"DATA_SOURCE_ID, DATA_SOURCE_COLUMN_NAME",VR_DATA_SOURCE_COLUMN,"DATA_SOURCE_ID, NAME",ALTER_TABLE_FK
dbo.VR_GRID_CONFIG.sql,FK_GRID_CFG_TO_DATA_SRC,VR_GRID_CONFIG,DATA_SOURCE_ID,VR_DATA_SOURCE,ID,ALTER_TABLE_FK
dbo.VR_GRID_CONFIG_COLUMN.sql,FK_GRID_COL_TO_GRID_CFG,VR_GRID_CONFIG_COLUMN,GRID_CONFIG_ID,VR_GRID_CONFIG,ID,ALTER_TABLE_FK
dbo.VR_MENU_NODE.sql,FK_VR_MENU,VR_MENU_NODE,"MENU_ID, LOCALE",VR_MENU,"ID, LOCALE",ALTER_TABLE_FK
dbo.V_HISTORY.sql,FK_VFO_00245,V_HISTORY,CATEGORY_ID,V_HISTORY_CATEGORY,ID,ALTER_TABLE_FK
dbo.WAREHOUSE.sql,FK_WAREHOUSE_CNTRY,WAREHOUSE,COUNTRY_ID,COUNTRY,ID,ALTER_TABLE_FK
dbo.WAREHOUSE.sql,FKEY9467,WAREHOUSE,CUSTOMER_ID,CUSTOMER,ID,ALTER_TABLE_FK
dbo.WAREHOUSE.sql,FKEY9330,WAREHOUSE,DEF_LBL_FORMAT_ID,LABEL_FORMAT,ID,ALTER_TABLE_FK
dbo.WAREHOUSE.sql,FK_WAREHOUSE_CNTRY,WAREHOUSE,"ID, DEF_RECEIVING_WIP_LOC_ID",WIP_MAT_LOCATION,"WAREHOUSE_ID, ID",ALTER_TABLE_FK
dbo.WAREHOUSE.sql,FK_WAREHOUSE_TO_SITE,WAREHOUSE,"ID, DEF_WIP_LOC_ID",WIP_MAT_LOCATION,"WAREHOUSE_ID, ID",ALTER_TABLE_FK
dbo.WAREHOUSE.sql,FK_WAREHOUSE_WIP_MAT_LOC,WAREHOUSE,REGION_ID,REGION,ID,ALTER_TABLE_FK
dbo.WAREHOUSE.sql,FK_WAREHOUSE_RCV_WIP_MAT_LOC,WAREHOUSE,SITE_ID,SITE,ID,ALTER_TABLE_FK
dbo.WAREHOUSE.sql,FKEY9611,WAREHOUSE,VENDOR_ID,VENDOR,ID,ALTER_TABLE_FK
dbo.WAREHOUSE_ADDRESS.sql,FKEY9620,WAREHOUSE_ADDRESS,WAREHOUSE_ID,WAREHOUSE,ID,ALTER_TABLE_FK
dbo.WBS.sql,FK_WBS_DEPT_00,WBS,DEF_DEPARTMENT_ID,DEPARTMENT,ID,ALTER_TABLE_FK
dbo.WIP_BALANCE.sql,FKEY9116,WIP_BALANCE,BUR_GL_ACCT_ID,ACCOUNT,ID,ALTER_TABLE_FK
dbo.WIP_BALANCE.sql,FKEY9118,WIP_BALANCE,CURRENCY_ID,CURRENCY,ID,ALTER_TABLE_FK
dbo.WIP_BALANCE.sql,FKEY9115,WIP_BALANCE,LAB_GL_ACCT_ID,ACCOUNT,ID,ALTER_TABLE_FK
dbo.WIP_BALANCE.sql,FK_WIPBAL_TO_SITE,WIP_BALANCE,MAT_GL_ACCT_ID,ACCOUNT,ID,ALTER_TABLE_FK
dbo.WIP_BALANCE.sql,FKEY9117,WIP_BALANCE,SER_GL_ACCT_ID,ACCOUNT,ID,ALTER_TABLE_FK
dbo.WIP_BALANCE.sql,FK_WIPBAL_TO_SITE,WIP_BALANCE,SITE_ID,SITE,ID,ALTER_TABLE_FK
dbo.WIP_ISSUE_DETAIL.sql,FKEY9450,WIP_ISSUE_DETAIL,CURRENCY_ID,CURRENCY,ID,ALTER_TABLE_FK
dbo.WIP_ISSUE_DETAIL.sql,FKEY9004,WIP_ISSUE_DETAIL,"WORKORDER_TYPE, WORKORDER_BASE_ID, WORKORDER_LOT_ID, WORKORDER_SPLIT_ID, WORKORDER_SUB_ID",WORK_ORDER,"TYPE, BASE_ID, LOT_ID, SPLIT_ID, SUB_ID",ALTER_TABLE_FK
dbo.WIP_ISSUE_DIST.sql,FKEY0194,WIP_ISSUE_DIST,CURRENCY_ID,CURRENCY,ID,ALTER_TABLE_FK
dbo.WIP_ISSUE_DIST.sql,FKEY0005,WIP_ISSUE_DIST,GL_ACCOUNT_ID,ACCOUNT,ID,ALTER_TABLE_FK
dbo.WIP_ISSUE_DIST.sql,FK_WPIDST_BATCH,WIP_ISSUE_DIST,SITE_ID,SITE,ID,ALTER_TABLE_FK
dbo.WIP_ISSUE_DIST.sql,FK_WPIDST_BATCH,WIP_ISSUE_DIST,"SITE_ID, BATCH_ID",JOURNAL_BATCH,"SITE_ID, ID",ALTER_TABLE_FK
dbo.WIP_LABOR_DETAIL.sql,FKEY9448,WIP_LABOR_DETAIL,CURRENCY_ID,CURRENCY,ID,ALTER_TABLE_FK
dbo.WIP_LABOR_DETAIL.sql,FKEY9005,WIP_LABOR_DETAIL,"WORKORDER_TYPE, WORKORDER_BASE_ID, WORKORDER_LOT_ID, WORKORDER_SPLIT_ID, WORKORDER_SUB_ID",WORK_ORDER,"TYPE, BASE_ID, LOT_ID, SPLIT_ID, SUB_ID",ALTER_TABLE_FK
dbo.WIP_MAT_LOCATION.sql,FK_WIP_LOC_WH,WIP_MAT_LOCATION,WAREHOUSE_ID,WAREHOUSE,ID,ALTER_TABLE_FK
dbo.WIP_PAYB_DETAIL.sql,FKEY9447,WIP_PAYB_DETAIL,CURRENCY_ID,CURRENCY,ID,ALTER_TABLE_FK
dbo.WIP_PAYB_DETAIL.sql,FKEY9007,WIP_PAYB_DETAIL,"WORKORDER_TYPE, WORKORDER_BASE_ID, WORKORDER_LOT_ID, WORKORDER_SPLIT_ID, WORKORDER_SUB_ID",WORK_ORDER,"TYPE, BASE_ID, LOT_ID, SPLIT_ID, SUB_ID",ALTER_TABLE_FK
dbo.WIP_RECEIPT_DETAIL.sql,FKEY9451,WIP_RECEIPT_DETAIL,CURRENCY_ID,CURRENCY,ID,ALTER_TABLE_FK
dbo.WIP_RECEIPT_DETAIL.sql,FKEY9008,WIP_RECEIPT_DETAIL,"WORKORDER_TYPE, WORKORDER_BASE_ID, WORKORDER_LOT_ID, WORKORDER_SPLIT_ID, WORKORDER_SUB_ID",WORK_ORDER,"TYPE, BASE_ID, LOT_ID, SPLIT_ID, SUB_ID",ALTER_TABLE_FK
dbo.WIP_RECEIPT_DIST.sql,FKEY0195,WIP_RECEIPT_DIST,CURRENCY_ID,CURRENCY,ID,ALTER_TABLE_FK
dbo.WIP_RECEIPT_DIST.sql,FKEY0006,WIP_RECEIPT_DIST,GL_ACCOUNT_ID,ACCOUNT,ID,ALTER_TABLE_FK
dbo.WIP_RECEIPT_DIST.sql,FK_WPRDST_BATCH,WIP_RECEIPT_DIST,SITE_ID,SITE,ID,ALTER_TABLE_FK
dbo.WIP_RECEIPT_DIST.sql,FK_WPRDST_BATCH,WIP_RECEIPT_DIST,"SITE_ID, BATCH_ID",JOURNAL_BATCH,"SITE_ID, ID",ALTER_TABLE_FK
dbo.WIP_SERVICE_DETAIL.sql,FKEY9449,WIP_SERVICE_DETAIL,CURRENCY_ID,CURRENCY,ID,ALTER_TABLE_FK
dbo.WIP_SERVICE_DETAIL.sql,FKEY9006,WIP_SERVICE_DETAIL,"WORKORDER_TYPE, WORKORDER_BASE_ID, WORKORDER_LOT_ID, WORKORDER_SPLIT_ID, WORKORDER_SUB_ID",WORK_ORDER,"TYPE, BASE_ID, LOT_ID, SPLIT_ID, SUB_ID",ALTER_TABLE_FK
dbo.WIP_SPLIT_DETAIL.sql,FKEY9452,WIP_SPLIT_DETAIL,CURRENCY_ID,CURRENCY,ID,ALTER_TABLE_FK
dbo.WIP_SPLIT_DETAIL.sql,FKEY9011,WIP_SPLIT_DETAIL,"WORKORDER_TYPE, WORKORDER_BASE_ID, WORKORDER_LOT_ID, WORKORDER_SPLIT_ID, WORKORDER_SUB_ID",WORK_ORDER,"TYPE, BASE_ID, LOT_ID, SPLIT_ID, SUB_ID",ALTER_TABLE_FK
dbo.WIP_TRANSACTION.sql,FK_WIP_TRANS_MOVE_REQUEST_LINE,WIP_TRANSACTION,DEPARTMENT_ID,DEPARTMENT,ID,ALTER_TABLE_FK
dbo.WIP_TRANSACTION.sql,FK_WIP_TRANS_TO_DEPARTMENT,WIP_TRANSACTION,EMPLOYEE_ID,EMPLOYEE,ID,ALTER_TABLE_FK
dbo.WIP_TRANSACTION.sql,FK_WIP_TRANS_MOVE_REQUEST_LINE,WIP_TRANSACTION,"MOVE_REQUEST_ID, MOVE_REQUEST_LINE_NO",MOVE_REQUEST_LINE,"MOVE_REQUEST_ID, LINE_NO",ALTER_TABLE_FK
dbo.WIP_TRANSACTION.sql,FK_WIP_TRANS_TO_EMPLOYEE,WIP_TRANSACTION,PART_ID,PART,ID,ALTER_TABLE_FK
dbo.WIP_TRANSACTION.sql,FK_WIP_TRANS_TO_PART,WIP_TRANSACTION,RESOURCE_ID,SHOP_RESOURCE,ID,ALTER_TABLE_FK
dbo.WIP_TRANSACTION.sql,FK_WIP_TRANS_TO_SHOP_RESOURCE,WIP_TRANSACTION,SITE_ID,SITE,ID,ALTER_TABLE_FK
dbo.WIP_TRANSACTION.sql,FK_WIP_TRANS_TO_SITE,WIP_TRANSACTION,"WAREHOUSE_ID, LOCATION_ID",WIP_MAT_LOCATION,"WAREHOUSE_ID, ID",ALTER_TABLE_FK
dbo.WIP_TRANSACTION.sql,FK_WIP_TRANS_TO_WIP_MAT_LOC,WIP_TRANSACTION,"WORKORDER_TYPE, WORKORDER_BASE_ID, WORKORDER_LOT_ID, WORKORDER_SPLIT_ID, WORKORDER_SUB_ID",WORK_ORDER,"TYPE, BASE_ID, LOT_ID, SPLIT_ID, SUB_ID",ALTER_TABLE_FK
dbo.WORKORDER_AUDIT.sql,FKEY0296,WORKORDER_AUDIT,SCHEDULE_ID,SCHEDULE,ID,ALTER_TABLE_FK
dbo.WORKORDER_BINARY.sql,FKEY0134,WORKORDER_BINARY,"WORKORDER_TYPE, WORKORDER_BASE_ID, WORKORDER_LOT_ID, WORKORDER_SPLIT_ID, WORKORDER_SUB_ID",WORK_ORDER,"TYPE, BASE_ID, LOT_ID, SPLIT_ID, SUB_ID",ALTER_TABLE_FK
dbo.WORKORD_MILESTONE.sql,FKEY9109,WORKORD_MILESTONE,BUR_GL_ACCT_ID,ACCOUNT,ID,ALTER_TABLE_FK
dbo.WORKORD_MILESTONE.sql,FKEY9108,WORKORD_MILESTONE,LAB_GL_ACCT_ID,ACCOUNT,ID,ALTER_TABLE_FK
dbo.WORKORD_MILESTONE.sql,FKEY9108,WORKORD_MILESTONE,MAT_GL_ACCT_ID,ACCOUNT,ID,ALTER_TABLE_FK
dbo.WORKORD_MILESTONE.sql,FKEY9110,WORKORD_MILESTONE,SER_GL_ACCT_ID,ACCOUNT,ID,ALTER_TABLE_FK
dbo.WORK_ORDER.sql,FK_WO_TO_SITE,WORK_ORDER,DEF_LBL_FORMAT_ID,LABEL_FORMAT,ID,ALTER_TABLE_FK
dbo.WORK_ORDER.sql,FK_WO_TO_SITE,WORK_ORDER,PART_ID,PART,ID,ALTER_TABLE_FK
dbo.WORK_ORDER.sql,FK_WO_TO_SITE,WORK_ORDER,SITE_ID,SITE,ID,ALTER_TABLE_FK
dbo.WORK_ORDER_SCHED.sql,FKEY0105,WORK_ORDER_SCHED,PART_ID,PART,ID,ALTER_TABLE_FK
dbo.WORK_ORDER_SCHED.sql,FKEY0105,WORK_ORDER_SCHED,SCHEDULE_ID,SCHEDULE,ID,ALTER_TABLE_FK
dbo.WO_SCH_PRIORITY.sql,FKEY9375,WO_SCH_PRIORITY,SCHEDULE_ID,SCHEDULE,ID,ALTER_TABLE_FK
dbo.WO_SCH_PRIORITY.sql,FKEY9375,WO_SCH_PRIORITY,"WORKORDER_TYPE, WORKORDER_BASE_ID, WORKORDER_LOT_ID, WORKORDER_SPLIT_ID, WORKORDER_SUB_ID",WORK_ORDER,"TYPE, BASE_ID, LOT_ID, SPLIT_ID, SUB_ID",ALTER_TABLE_FK
